Mean of R Squared = 0.2184322242034423
Mean of RMSE = 5.321623349288324
Mean of integrals = 3116.625
Optimize parameters are: a, b, c...
[[7.64851550e+01 7.51923496e+00 4.83851457e-01]
 [4.41093744e+01 4.00030986e+00 5.08509988e-04]
 [1.86880365e+01 7.31190487e+00 4.74505689e-01]
 [4.06669065e+00 6.93333328e+00 4.84317418e-01]
 [7.65271316e+01 7.47380723e+00 4.84286369e-01]
 [5.05467917e+01 7.45230234e+00 4.84261403e-01]
 [1.96606809e+01 7.33563626e+00 4.84261064e-01]
 [6.07696142e+00 6.92380773e+00 4.84320754e-01]
 [8.15044366e+01 7.49269196e+00 4.68679662e-01]
 [4.45207970e+01 7.49757478e+00 4.68695276e-01]
 [2.26094623e+01 7.39053770e+00 4.74421335e-01]
 [6.03356452e+00 6.96666612e+00 4.92014708e-01]
 [8.28103222e+01 4.07675411e+00 9.07467235e-04]
 [4.94257639e+01 7.57379337e+00 4.83999023e-01]
 [2.15478816e+01 7.45238033e+00 4.84334551e-01]
 [5.95207956e+00 7.04761976e+00 4.68724391e-01]
 [8.76035436e+01 7.40995277e+00 4.83105861e-01]
 [5.15952645e+01 7.40474058e+00 4.40023461e-01]
 [1.95916772e+01 3.91955392e+00 2.28088452e-04]
 [5.17877476e+00 6.82220985e+00 4.84340584e-01]
 [8.55629594e+01 7.43265389e+00 4.90237476e-01]
 [5.05738349e+01 7.42616750e+00 4.84156189e-01]
 [1.95546320e+01 3.89817580e+00 2.21779110e-04]
 [7.03365637e+00 6.96666590e+00 4.84343002e-01]]
Statistics are: R^2, RMSE, integration
[[1.01971352e-01 1.10484624e+01 3.24200000e+03]
 [9.91575105e-01 7.48350803e-01 3.15200000e+03]
 [3.74778950e-02 4.61025926e+00 3.09700000e+03]
 [1.13264693e-02 1.84952541e+00 2.92300000e+03]
 [1.07193019e-01 1.07509832e+01 3.22300000e+03]
 [8.35652029e-02 8.14856816e+00 3.18800000e+03]
 [4.08069484e-02 4.64094764e+00 3.10800000e+03]
 [2.44182797e-02 1.86959794e+00 2.92100000e+03]
 [1.18773503e-01 1.08074245e+01 3.23600000e+03]
 [6.69413439e-02 8.08784871e+00 3.20100000e+03]
 [5.20281115e-02 4.69799621e+00 3.13400000e+03]
 [2.47400603e-02 1.84399477e+00 2.93900000e+03]
 [9.95825563e-01 7.77197501e-01 3.27900000e+03]
 [8.02435471e-02 8.14574950e+00 3.23800000e+03]
 [4.93642715e-02 4.60301657e+00 3.15900000e+03]
 [2.21415725e-02 1.92560421e+00 2.97300000e+03]
 [1.35493987e-01 1.07704820e+01 3.20600000e+03]
 [8.67127356e-02 8.15106633e+00 3.16900000e+03]
 [9.74137485e-01 7.66320867e-01 3.08700000e+03]
 [1.79752386e-02 1.86326368e+00 2.87700000e+03]
 [1.27346490e-01 1.09037174e+01 3.21500000e+03]
 [8.52410412e-02 8.06486646e+00 3.17700000e+03]
 [9.75416712e-01 7.50151463e-01 3.11500000e+03]
 [3.16574481e-02 1.89356538e+00 2.94000000e+03]]