Mean of R Squared = 0.5630164112237662
Mean of RMSE = 19.91895644487845
Mean of integrals = 48260.75
Optimize parameters are: a, b, c...
[[2.15724466e+01 6.48142286e-21]
 [6.51686461e+01 1.66318349e-21]
 [1.00140356e+02 7.99817694e-07]
 [3.15236437e+02 2.76386751e-05]
 [3.38626251e+02 9.10535814e-05]
 [3.25391358e+02 1.35626973e-04]
 [9.80571179e+02 2.30298656e-04]
 [7.70913429e+02 2.41132576e-04]
 [1.99453682e+01 9.93366427e-25]
 [6.24014252e+01 2.06111068e-22]
 [7.98289786e+01 1.77847758e-20]
 [4.54708928e+02 2.56228915e-05]
 [2.14096261e+02 6.87028405e-05]
 [2.36979275e+02 1.27535012e-04]
 [6.77066258e+02 1.61923059e-04]
 [6.60575702e+02 1.75267397e-04]
 [2.06247031e+01 1.91684957e-25]
 [7.87719715e+01 4.37783975e-26]
 [1.01325416e+02 8.97951642e-25]
 [2.64472954e+02 3.04162322e-05]
 [2.17214376e+02 8.80500907e-05]
 [1.57077638e+02 1.17553524e-04]
 [5.98038062e+02 2.11245437e-04]
 [6.17201629e+02 2.18912852e-04]]
Statistics are: R^2, RMSE, integration
[[-6.66133815e-16  3.84529832e+00  9.08200000e+03]
 [ 0.00000000e+00  8.49661469e+00  2.74360000e+04]
 [ 2.81130247e-03  1.13898770e+01  4.17370000e+04]
 [ 7.24238328e-01  2.94499466e+01  9.54150000e+04]
 [ 9.49256054e-01  1.97969829e+01  5.56620000e+04]
 [ 9.44575198e-01  1.94438592e+01  4.02030000e+04]
 [ 9.66801948e-01  4.10857092e+01  7.83440000e+04]
 [ 9.44744911e-01  4.03170069e+01  6.20210000e+04]
 [ 0.00000000e+00  3.40662463e+00  8.39700000e+03]
 [ 0.00000000e+00  1.00390164e+01  2.62710000e+04]
 [-2.22044605e-16  7.68836096e+00  3.36080000e+04]
 [ 6.96115995e-01  4.31182475e+01  1.40814000e+05]
 [ 8.88697840e-01  1.82010378e+01  4.25260000e+04]
 [ 9.35305038e-01  1.54443256e+01  3.07090000e+04]
 [ 9.61364475e-01  3.32971657e+01  7.16710000e+04]
 [ 9.52695998e-01  3.50048997e+01  6.67200000e+04]
 [ 0.00000000e+00  3.44784799e+00  8.68300000e+03]
 [ 0.00000000e+00  1.31664034e+01  3.31630000e+04]
 [ 0.00000000e+00  1.08591083e+01  4.26580000e+04]
 [ 7.78093295e-01  2.27095964e+01  7.76110000e+04]
 [ 9.47716771e-01  1.27494183e+01  3.66820000e+04]
 [ 9.27943468e-01  1.05642930e+01  2.20200000e+04]
 [ 9.53315115e-01  2.99489187e+01  5.26210000e+04]
 [ 9.38718132e-01  3.45843954e+01  5.42040000e+04]]