

Software Version	3.16.10



Experiment File Path:	C:\Users\48707651\Documents\Caleb\CMG2_167.xpt
Protocol File Path:	C:\Users\48707651\Documents\Caleb\CMG_8x3_7hr.prt



Plate Number	Plate 1
Date	3/13/2026
Time	3:58:46 PM
Reader Type:	Cytation5
Reader Serial Number:	1601252F
Reading Type	Reader

Procedure Details

Plate Type	96 WELL PLATE (Use plate lid)
Eject plate on completion	
Start Kinetic	Runtime 7:00:00 (HH:MM:SS), Interval 0:01:00, 421 Reads
    Read	Luminescence Endpoint
	A1..C8
	Integration Time: 0:01.00 (MM:SS.ss)
	Filter Set 1
	    Emission: Full light
	    Optics: Top,  Gain: 100
	Read Speed: Normal,  Delay: 100 msec
	Extended Dynamic Range
	Read Height: 4.5 mm
End Kinetic	

Lum

Time	T° Lum	A1	A2	A3	A4	A5	A6	A7	A8	A9	A10	A11	A12	B1	B2	B3	B4	B5	B6	B7	B8	B9	B10	B11	B12	C1	C2	C3	C4	C5	C6	C7	C8	C9	C10	C11	C12	D1	D2	D3	D4	D5	D6	D7	D8	D9	D10	D11	D12	E1	E2	E3	E4	E5	E6	E7	E8	E9	E10	E11	E12	F1	F2	F3	F4	F5	F6	F7	F8	F9	F10	F11	F12	G1	G2	G3	G4	G5	G6	G7	G8	G9	G10	G11	G12	H1	H2	H3	H4	H5	H6	H7	H8	H9	H10	H11	H12
0:00:00	21.3	2444	1611	566	360	12	3	2	2					1936	1660	447	463	11	4	2	2					2067	2229	655	404	8	4	3	2																																																																
0:01:00	21.3	2539	1680	575	394	13	5	3	3					1988	1681	473	476	13	4	4	3					2108	2303	675	430	11	4	3	4																																																																
0:02:00	21.3	2537	1705	603	404	16	4	4	3					1971	1684	475	462	15	5	4	3					2094	2283	662	426	13	5	4	3																																																																
0:03:00	21.3	2537	1678	605	416	17	5	3	3					1955	1695	487	463	13	5	3	3					2067	2257	676	447	12	4	3	3																																																																
0:04:00	21.3	2504	1640	621	413	18	5	3	3					1921	1657	464	461	16	5	3	4					2025	2199	654	416	14	6	4	3																																																																
0:05:00	21.3	2460	1627	587	417	19	6	4	3					1887	1623	476	462	16	6	4	3					1965	2173	648	427	12	5	3	3																																																																
0:06:00	21.3	2425	1600	580	412	22	5	4	3					1859	1574	463	465	17	5	4	3					1952	2155	628	421	14	5	4	3																																																																
0:07:00	21.3	2361	1564	578	405	19	5	4	4					1800	1555	447	454	18	6	4	3					1924	2100	617	421	14	4	4	3																																																																
0:08:00	21.3	2337	1544	579	404	21	5	4	3					1776	1529	443	446	17	6	4	3					1862	2067	608	409	15	5	4	3																																																																
0:09:00	21.3	2283	1497	568	388	21	6	4	3					1740	1493	437	446	17	6	5	3					1823	2020	603	399	13	5	3	3																																																																
0:10:00	21.3	2248	1468	547	385	22	5	4	3					1698	1462	416	440	16	5	4	3					1793	1951	599	397	12	6	4	3																																																																
0:11:00	21.3	2234	1445	545	381	21	5	5	3					1659	1435	416	438	19	5	4	3					1764	1906	571	392	15	6	4	3																																																																
0:12:00	21.3	2136	1415	533	370	18	5	4	3					1622	1391	411	422	19	5	4	3					1703	1864	563	382	14	6	3	3																																																																
0:13:00	21.3	2087	1391	520	367	21	5	4	3					1588	1370	399	420	20	6	3	4					1671	1805	542	372	14	5	4	3																																																																
0:14:00	21.4	2029	1341	507	356	19	7	5	3					1546	1329	397	418	18	5	4	3					1625	1787	533	373	13	5	4	4																																																																
0:15:00	21.4	2014	1308	494	345	23	6	5	3					1514	1302	386	392	19	6	4	3					1572	1727	532	347	15	6	3	3																																																																
0:16:00	21.4	1930	1277	498	350	20	6	4	3					1483	1254	370	396	21	6	4	3					1562	1703	521	352	15	5	4	3																																																																
0:17:00	21.4	1883	1250	469	332	21	5	4	3					1429	1211	363	390	20	6	5	3					1521	1646	513	341	15	6	4	3																																																																
0:18:00	21.4	1853	1230	469	335	21	6	4	3					1417	1203	353	391	22	5	5	3					1475	1626	485	345	14	7	4	3																																																																
0:19:00	21.4	1798	1196	453	321	21	6	4	4					1391	1175	355	389	20	6	4	3					1429	1585	481	327	14	7	3	4																																																																
0:20:00	21.4	1762	1168	449	316	21	7	5	3					1357	1140	343	369	18	5	3	3					1404	1521	475	327	14	5	3	3																																																																
0:21:00	21.4	1709	1144	447	314	22	6	4	3					1332	1113	337	365	20	6	5	3					1366	1493	472	307	14	6	4	3																																																																
0:22:00	21.4	1675	1102	429	299	22	6	5	3					1302	1083	324	359	21	7	5	4					1327	1477	448	302	17	5	4	4																																																																
0:23:00	21.5	1627	1084	422	293	23	6	4	3					1244	1048	322	356	20	6	4	3					1308	1424	459	307	15	5	4	3																																																																
0:24:00	21.5	1581	1057	410	286	21	5	5	3					1228	1016	315	340	21	5	4	3					1277	1381	431	284	15	7	4	4																																																																
0:25:00	21.5	1545	1035	400	295	21	6	5	4					1190	996	307	344	24	7	4	3					1226	1368	432	284	14	5	4	4																																																																
0:26:00	21.5	1509	1012	395	270	21	6	4	3					1163	972	305	329	21	6	5	4					1221	1331	414	282	16	6	5	4																																																																
0:27:00	21.5	1482	980	390	277	23	6	5	3					1127	949	291	330	21	6	5	3					1174	1286	420	271	14	7	4	3																																																																
0:28:00	21.5	1430	963	388	264	22	6	4	3					1101	920	286	328	20	6	5	3					1164	1259	406	275	16	5	4	3																																																																
0:29:00	21.5	1401	948	374	264	21	6	5	4					1106	908	286	317	22	7	6	3					1114	1207	392	261	15	7	4	3																																																																
0:30:00	21.5	1360	912	355	252	22	7	4	3					1051	881	277	313	22	7	5	3					1089	1179	379	248	15	6	4	3																																																																
0:31:00	21.5	1327	887	361	254	20	7	4	3					1030	850	268	306	22	6	4	4					1062	1166	373	247	15	6	4	3																																																																
0:32:00	21.5	1278	878	340	241	23	6	4	4					1023	837	262	307	22	5	4	3					1042	1134	373	244	13	6	4	4																																																																
0:33:00	21.6	1269	845	355	235	20	6	4	3					979	822	261	295	21	6	4	3					1003	1097	354	244	13	6	4	3																																																																
0:34:00	21.6	1220	835	334	239	22	6	4	3					952	793	248	287	20	7	5	4					984	1078	348	236	13	5	4	3																																																																
0:35:00	21.6	1183	811	326	229	24	6	5	3					939	768	258	296	21	6	4	3					963	1043	350	223	14	6	4	4																																																																
0:36:00	21.6	1179	777	315	226	22	6	5	3					917	759	243	284	22	6	6	4					929	1014	333	225	16	6	4	3																																																																
0:37:00	21.6	1139	775	323	215	24	6	4	4					879	735	244	286	22	7	5	3					924	989	334	216	15	6	4	3																																																																
0:38:00	21.6	1106	746	310	212	22	9	5	4					867	712	242	280	22	6	5	3					881	973	326	219	14	6	4	4																																																																
0:39:00	21.6	1099	734	305	208	24	5	4	3					846	694	234	269	23	7	5	3					869	948	324	212	16	6	5	3																																																																
0:40:00	21.6	1045	716	299	207	22	6	4	4					834	678	228	269	22	7	4	3					852	904	311	209	15	7	5	3																																																																
0:41:00	21.7	1033	704	297	210	21	7	5	4					821	659	214	265	21	6	5	4					825	892	316	200	15	5	4	3																																																																
0:42:00	21.7	1006	688	284	207	24	6	4	3					793	656	215	251	22	7	4	4					807	872	307	199	15	5	4	4																																																																
0:43:00	21.7	976	674	292	193	20	7	4	4					784	626	212	251	19	6	5	4					796	868	298	190	14	6	5	3																																																																
0:44:00	21.7	953	642	274	189	24	7	5	4					759	618	205	246	21	6	5	3					764	830	286	189	15	6	5	3																																																																
0:45:00	21.7	939	644	270	184	21	7	4	3					745	600	202	251	23	7	6	3					743	814	286	183	15	6	4	3																																																																
0:46:00	21.7	925	614	267	187	21	7	4	4					726	584	201	248	23	7	5	3					747	788	282	185	14	6	4	4																																																																
0:47:00	21.7	890	604	268	181	22	6	5	4					706	575	192	240	22	6	5	4					723	784	282	185	15	6	5	3																																																																
0:48:00	21.7	881	593	249	183	24	6	5	4					681	566	195	231	21	6	5	3					693	743	271	176	16	6	4	4																																																																
0:49:00	21.7	848	586	257	178	22	7	5	3					676	547	194	231	22	6	5	4					690	739	269	172	15	5	4	4																																																																
0:50:00	21.7	810	565	250	172	20	7	5	3					663	532	186	230	22	6	5	4					665	721	252	172	15	7	4	4																																																																
0:51:00	21.8	816	563	242	166	22	7	5	3					655	514	184	221	23	7	5	4					662	702	257	168	14	7	4	3																																																																
0:52:00	21.8	801	547	238	165	22	6	4	4					626	521	181	218	23	8	5	3					643	694	249	164	15	5	5	4																																																																
0:53:00	21.8	774	529	238	159	22	6	4	4					618	504	180	218	22	7	5	4					633	679	246	158	15	6	4	3																																																																
0:54:00	21.8	742	527	231	161	23	7	5	4					609	491	175	217	24	6	5	3					623	659	236	158	15	6	5	4																																																																
0:55:00	21.8	733	509	226	146	21	7	5	3					602	470	171	209	22	8	5	4					602	639	233	149	14	6	4	4																																																																
0:56:00	21.8	719	497	227	156	21	7	6	4					567	463	167	208	22	7	5	4					582	627	230	152	16	6	4	3																																																																
0:57:00	21.8	701	483	220	147	23	6	5	3					559	458	165	208	22	8	5	4					564	602	224	147	14	6	5	3																																																																
0:58:00	21.8	680	480	219	145	21	7	5	4					544	444	160	208	24	8	5	4					562	596	224	143	15	6	4	4																																																																
0:59:00	21.8	669	470	221	146	24	6	5	4					542	440	159	209	24	7	4	4					551	592	219	146	15	7	4	4																																																																
1:00:00	21.8	657	466	205	138	21	6	5	3					531	429	160	204	25	6	6	4					530	560	215	135	15	6	5	4																																																																
1:01:00	21.8	647	462	207	140	21	7	5	4					517	415	157	193	23	7	5	4					535	564	208	141	15	5	5	4																																																																
1:02:00	21.9	628	445	193	136	23	6	6	3					516	413	154	192	22	7	5	4					515	537	208	136	14	5	4	4																																																																
1:03:00	21.9	608	438	202	136	23	6	5	3					504	397	150	193	22	7	5	4					491	541	208	134	13	6	4	3																																																																
1:04:00	21.9	589	417	199	130	21	6	5	4					484	394	145	190	25	7	6	4					488	518	198	128	14	7	5	3																																																																
1:05:00	21.9	578	416	189	131	22	7	5	4					478	379	150	183	25	7	6	4					483	514	208	124	14	6	4	4																																																																
1:06:00	21.9	562	402	188	128	23	8	5	4					472	375	142	179	25	7	4	4					471	507	201	125	12	6	4	4																																																																
1:07:00	21.9	561	401	185	125	20	8	6	4					454	376	145	176	24	7	5	4					461	497	192	125	15	6	4	3																																																																
1:08:00	21.9	541	390	183	124	23	7	5	4					451	352	139	175	24	8	6	5					454	473	189	121	14	6	5	3																																																																
1:09:00	21.9	527	383	186	124	21	7	4	3					439	354	136	178	22	8	5	4					441	468	190	119	15	6	5	4																																																																
1:10:00	21.9	528	377	175	119	21	7	6	4					423	347	136	171	24	7	5	4					430	464	195	118	13	6	4	4																																																																
1:11:00	21.9	518	372	174	119	21	7	5	4					420	336	130	177	23	7	6	4					421	439	186	119	14	6	4	4																																																																
1:12:00	22.0	507	367	173	114	23	8	5	4					412	332	134	171	23	7	6	3					403	444	174	114	14	6	5	4																																																																
1:13:00	22.0	486	347	173	120	22	7	5	4					409	323	126	169	24	8	6	3					407	432	181	108	15	5	5	4																																																																
1:14:00	22.0	476	352	161	114	23	7	5	3					397	318	127	173	22	8	6	4					390	424	180	112	16	6	5	4																																																																
1:15:00	22.0	471	340	169	112	22	7	5	3					390	311	128	164	24	7	6	4					389	418	171	108	14	7	5	4																																																																
1:16:00	22.0	464	332	163	120	22	6	5	4					388	305	119	166	22	7	6	4					386	419	167	105	13	6	4	4																																																																
1:17:00	22.0	449	338	164	109	24	7	6	4					381	296	124	160	23	8	6	4					364	398	167	107	15	6	5	4																																																																
1:18:00	22.0	440	331	153	107	22	7	6	4					367	292	120	160	22	8	6	3					361	392	163	104	13	7	4	3																																																																
1:19:00	22.0	444	321	154	100	23	7	5	4					367	281	120	159	24	8	5	4					352	388	158	104	15	7	5	4																																																																
1:20:00	22.0	426	314	155	101	21	6	6	4					358	287	120	152	25	8	5	4					354	382	155	101	14	7	5	4																																																																
1:21:00	22.0	427	301	152	105	22	6	5	4					352	282	120	157	25	8	6	3					354	363	160	100	15	6	4	4																																																																
1:22:00	22.0	407	310	147	100	25	7	5	4					342	272	114	148	25	8	6	4					343	365	155	95	15	6	4	4																																																																
1:23:00	22.0	395	294	144	100	20	6	5	3					337	271	111	150	23	8	6	4					326	364	160	97	15	7	5	4																																																																
1:24:00	22.0	385	298	145	98	21	7	6	4					332	262	112	148	24	7	5	4					331	355	148	96	14	6	5	4																																																																
1:25:00	22.0	383	288	144	98	22	7	6	4					320	254	115	148	24	7	6	4					322	346	146	95	14	6	5	3																																																																
1:26:00	22.1	375	284	143	96	21	7	5	4					319	259	111	144	24	8	5	4					321	333	152	95	12	6	5	4																																																																
1:27:00	22.1	383	274	137	95	21	8	5	4					310	248	107	139	26	8	6	3					313	332	145	95	15	6	5	4																																																																
1:28:00	22.1	363	277	138	91	22	7	6	4					310	245	107	145	23	8	6	4					309	321	145	89	15	7	4	4																																																																
1:29:00	22.1	355	271	134	96	22	7	5	4					301	243	111	151	22	7	5	3					299	313	147	90	13	7	5	3																																																																
1:30:00	22.1	351	267	136	91	20	8	5	4					294	247	103	139	23	8	6	4					303	308	140	86	14	5	5	3																																																																
1:31:00	22.1	336	264	136	91	21	7	5	4					292	234	106	138	25	9	6	4					287	313	141	89	16	6	5	3																																																																
1:32:00	22.1	334	259	134	87	21	7	6	4					286	237	104	136	24	7	5	4					283	311	139	88	16	7	5	3																																																																
1:33:00	22.1	332	249	132	90	20	7	5	4					288	232	103	139	25	7	6	4					288	290	135	84	14	7	5	4																																																																
1:34:00	22.1	328	251	129	87	23	7	5	4					281	217	99	133	24	8	6	4					286	294	132	88	15	6	5	4																																																																
1:35:00	22.1	330	247	131	90	23	8	6	3					275	217	103	129	24	8	6	4					276	281	131	84	14	7	5	4																																																																
1:36:00	22.1	323	243	128	86	23	7	5	5					263	217	97	134	25	8	5	4					275	278	134	85	15	7	5	4																																																																
1:37:00	22.2	313	241	124	90	20	8	4	4					266	214	94	133	28	7	6	4					264	277	132	80	15	6	5	4																																																																
1:38:00	22.2	306	232	119	85	23	6	5	4					258	211	95	128	23	8	6	4					261	280	124	77	15	5	4	4																																																																
1:39:00	22.2	294	235	124	82	23	7	5	3					247	206	94	134	23	7	5	4					265	273	123	78	15	6	5	4																																																																
1:40:00	22.2	299	226	118	82	23	7	5	4					256	212	97	126	23	8	6	4					265	272	125	78	14	6	4	3																																																																
1:41:00	22.2	289	229	112	86	22	7	6	4					248	197	90	124	25	7	6	4					249	263	119	76	16	6	5	4																																																																
1:42:00	22.2	283	229	114	79	21	9	6	4					240	202	89	127	28	8	6	4					248	262	120	76	14	6	5	3																																																																
1:43:00	22.2	290	218	116	77	22	8	6	4					244	189	90	126	27	8	5	4					243	260	124	77	13	7	5	4																																																																
1:44:00	22.2	276	216	114	79	23	7	5	3					240	190	91	118	26	8	6	4					247	253	124	75	14	7	4	4																																																																
1:45:00	22.2	270	215	113	77	22	8	5	4					234	192	92	118	27	7	7	4					240	249	117	73	16	7	5	4																																																																
1:46:00	22.3	265	213	114	75	23	7	5	4					237	189	89	117	22	8	5	4					231	244	122	73	15	7	5	4																																																																
1:47:00	22.3	257	221	114	78	19	8	6	4					233	188	87	121	24	8	7	5					228	244	119	75	15	6	5	3																																																																
1:48:00	22.3	260	207	109	79	22	8	5	4					222	181	88	112	26	7	5	4					220	246	113	72	13	6	5	4																																																																
1:49:00	22.3	257	202	111	75	20	7	5	4					224	178	90	121	24	9	6	4					224	241	112	71	14	7	5	4																																																																
1:50:00	22.3	253	193	115	78	22	8	5	4					225	167	91	117	24	8	6	4					221	230	113	72	14	7	4	4																																																																
1:51:00	22.3	250	195	110	73	22	6	6	4					215	177	87	116	24	8	5	4					219	229	113	69	15	6	5	4																																																																
1:52:00	22.3	247	198	106	76	23	8	6	4					220	169	89	119	23	9	5	4					220	230	114	72	14	6	5	5																																																																
1:53:00	22.4	244	196	105	72	21	8	5	4					206	179	90	114	24	8	5	4					212	226	117	71	15	6	5	4																																																																
1:54:00	22.4	237	194	111	75	23	7	5	4					211	164	79	112	25	9	6	4					213	228	111	71	14	6	4	4																																																																
1:55:00	22.4	240	193	104	71	21	7	6	4					211	171	80	117	24	8	6	4					209	221	109	71	14	6	6	4																																																																
1:56:00	22.4	242	193	109	70	23	8	5	4					204	163	82	114	25	10	6	4					209	215	106	69	12	8	5	4																																																																
1:57:00	22.4	232	186	105	69	21	7	6	4					201	168	82	111	26	8	6	4					209	215	105	68	15	7	5	4																																																																
1:58:00	22.4	231	188	103	71	22	7	5	4					193	166	82	107	26	7	6	5					202	212	106	67	14	7	5	4																																																																
1:59:00	22.4	230	181	102	71	19	8	6	4					198	158	83	106	25	8	6	5					200	207	102	65	14	5	4	4																																																																
2:00:00	22.4	228	180	100	68	22	7	5	4					196	160	82	109	24	9	6	3					201	210	104	68	15	7	5	4																																																																
2:01:00	22.4	220	181	99	70	23	8	6	4					193	158	78	107	25	8	6	4					197	204	107	69	14	8	5	4																																																																
2:02:00	22.4	224	176	95	67	21	7	6	4					189	158	79	108	27	10	7	4					188	200	110	62	13	6	5	4																																																																
2:03:00	22.5	226	180	99	68	21	7	5	4					185	154	76	113	25	8	6	4					194	193	106	66	13	7	5	4																																																																
2:04:00	22.5	217	168	96	67	21	9	5	4					184	155	77	104	27	8	6	4					188	197	105	64	15	6	6	4																																																																
2:05:00	22.5	215	173	99	70	22	8	6	4					183	149	79	108	26	9	7	4					190	197	100	65	14	7	5	4																																																																
2:06:00	22.5	203	167	96	62	22	8	6	4					175	144	77	103	25	9	7	4					192	192	102	63	15	7	5	4																																																																
2:07:00	22.5	207	167	97	67	22	8	6	5					181	147	82	104	24	8	5	4					186	192	100	66	15	6	5	4																																																																
2:08:00	22.5	204	166	91	65	23	8	5	4					177	144	79	100	27	8	6	4					186	187	101	64	14	7	6	4																																																																
2:09:00	22.5	207	165	95	68	24	8	7	4					173	145	74	104	24	8	6	4					182	192	104	63	12	8	5	3																																																																
2:10:00	22.5	194	159	94	63	21	8	6	4					172	149	75	105	25	9	6	4					179	184	98	62	16	6	5	5																																																																
2:11:00	22.5	203	157	92	64	23	8	5	4					170	140	77	104	25	9	6	4					177	184	93	61	15	8	5	4																																																																
2:12:00	22.5	200	164	91	61	22	8	6	4					169	143	74	98	24	8	6	4					182	183	98	61	15	8	6	4																																																																
2:13:00	22.5	192	158	90	63	22	6	6	4					170	137	70	106	23	8	6	4					175	182	98	66	14	7	5	4																																																																
2:14:00	22.5	193	158	92	65	22	8	6	6					164	143	75	99	26	9	6	4					173	180	91	61	15	7	5	4																																																																
2:15:00	22.5	194	159	88	60	21	8	6	4					165	136	76	99	25	8	7	4					169	178	94	61	14	7	5	3																																																																
2:16:00	22.5	186	156	94	61	23	8	6	4					158	132	69	96	26	9	7	5					171	176	92	58	13	7	6	4																																																																
2:17:00	22.5	189	153	89	63	23	8	6	4					166	134	71	95	27	9	7	4					171	174	92	63	15	7	5	4																																																																
2:18:00	22.5	180	158	86	62	21	7	6	4					159	130	74	97	27	9	6	4					165	176	91	58	15	7	5	4																																																																
2:19:00	22.6	183	146	86	58	23	7	6	4					157	132	73	97	26	9	7	5					166	167	89	58	15	7	5	4																																																																
2:20:00	22.6	178	148	86	60	23	7	6	4					155	134	69	95	26	8	6	4					164	165	90	56	14	6	5	4																																																																
2:21:00	22.6	176	155	85	60	23	7	5	4					157	126	70	94	25	8	7	5					163	161	88	58	14	7	5	4																																																																
2:22:00	22.6	180	147	83	58	21	8	5	4					156	130	71	91	27	8	7	4					158	160	92	58	14	7	5	4																																																																
2:23:00	22.6	178	146	87	63	23	7	6	4					148	130	69	93	23	9	6	4					155	164	96	59	15	7	5	4																																																																
2:24:00	22.6	177	146	87	57	20	8	6	5					153	129	69	90	27	9	6	4					153	165	91	56	16	7	6	4																																																																
2:25:00	22.6	178	145	81	59	23	8	6	5					145	126	68	93	25	9	6	4					162	164	89	54	14	7	6	4																																																																
2:26:00	22.6	177	145	86	57	21	8	6	4					151	130	68	92	23	8	6	4					155	159	88	57	14	6	5	4																																																																
2:27:00	22.6	162	141	84	61	21	7	6	4					151	124	69	91	26	8	6	4					152	158	87	59	15	6	5	4																																																																
2:28:00	22.6	175	140	79	62	22	8	7	5					147	129	68	89	22	8	6	4					149	163	90	55	15	7	6	4																																																																
2:29:00	22.6	165	143	85	55	23	7	6	4					143	121	69	92	24	9	7	4					152	155	87	54	14	7	5	4																																																																
2:30:00	22.6	169	139	81	59	23	9	7	4					145	120	68	88	23	9	7	4					147	154	87	57	15	7	5	4																																																																
2:31:00	22.6	163	134	83	52	22	8	6	4					138	117	66	90	23	8	7	4					143	152	82	59	15	7	5	3																																																																
2:32:00	22.6	170	140	77	57	22	8	5	4					145	117	65	86	26	9	6	5					149	153	85	57	15	7	5	4																																																																
2:33:00	22.6	158	134	81	57	21	8	6	4					141	119	65	89	27	9	8	4					143	157	87	56	12	8	6	3																																																																
2:34:00	22.6	164	134	81	57	20	7	6	4					134	120	67	87	26	8	7	4					146	151	82	53	15	6	6	4																																																																
2:35:00	22.6	156	139	84	55	20	7	6	4					138	115	67	86	25	9	7	4					144	146	81	51	16	6	6	5																																																																
2:36:00	22.7	154	139	77	57	21	8	5	4					139	118	61	89	25	8	7	4					138	146	85	54	15	8	5	4																																																																
2:37:00	22.7	160	130	81	58	20	9	5	4					140	113	66	82	24	8	6	4					140	152	78	53	14	7	5	4																																																																
2:38:00	22.7	157	137	80	56	21	9	6	4					131	115	64	81	23	9	7	4					140	146	81	48	17	8	6	4																																																																
2:39:00	22.7	149	130	81	56	20	9	6	4					131	116	66	87	23	8	7	5					141	144	82	51	14	7	5	4																																																																
2:40:00	22.7	157	133	74	58	19	8	6	4					131	114	65	85	25	8	7	4					142	145	77	54	15	8	5	4																																																																
2:41:00	22.7	154	133	74	54	23	9	6	4					135	110	65	80	24	8	7	4					134	146	81	54	15	7	5	4																																																																
2:42:00	22.7	153	130	77	57	19	9	6	4					133	115	63	81	27	8	7	5					143	139	79	49	14	7	4	4																																																																
2:43:00	22.7	153	128	76	55	20	7	6	4					131	115	66	84	26	9	7	4					135	148	79	48	14	6	5	4																																																																
2:44:00	22.7	150	122	77	53	24	7	6	4					128	111	65	81	24	9	7	5					140	138	74	51	15	7	5	4																																																																
2:45:00	22.7	157	126	72	50	21	8	7	4					125	109	62	84	25	8	6	5					134	137	78	51	14	6	5	4																																																																
2:46:00	22.7	148	126	79	52	23	8	6	4					131	106	60	86	25	10	6	5					131	139	75	54	15	6	5	4																																																																
2:47:00	22.7	146	123	72	54	21	8	6	4					129	108	60	80	26	8	6	4					138	137	78	51	15	7	6	4																																																																
2:48:00	22.7	149	124	74	52	21	8	6	4					122	110	59	79	23	9	7	4					129	140	78	52	14	7	5	4																																																																
2:49:00	22.7	142	125	76	49	21	8	6	4					123	111	62	81	26	8	7	4					133	138	75	52	15	7	5	4																																																																
2:50:00	22.7	150	122	75	51	24	8	6	4					127	109	61	83	24	9	7	4					131	138	74	52	14	8	5	4																																																																
2:51:00	22.7	143	126	68	52	20	8	6	4					126	107	58	75	24	8	8	4					131	133	73	52	16	8	5	5																																																																
2:52:00	22.7	143	126	77	54	22	8	6	4					120	103	60	78	24	7	7	4					128	136	73	53	15	7	5	4																																																																
2:53:00	22.7	146	122	70	50	20	9	6	4					121	103	59	79	21	8	6	4					129	131	74	49	15	7	5	4																																																																
2:54:00	22.7	140	118	71	53	22	8	6	5					124	107	62	83	24	8	5	5					122	131	77	50	14	8	6	4																																																																
2:55:00	22.7	139	114	69	52	20	8	6	5					117	102	58	74	25	9	6	4					128	134	74	52	15	7	7	4																																																																
2:56:00	22.7	130	120	74	51	21	9	6	4					120	100	55	80	25	8	6	5					127	129	73	50	15	7	5	5																																																																
2:57:00	22.7	140	122	72	46	23	9	6	4					122	103	58	76	22	9	7	5					129	134	73	50	13	8	5	4																																																																
2:58:00	22.7	132	118	71	49	21	8	5	4					110	106	59	76	23	8	7	5					124	131	73	49	14	7	6	4																																																																
2:59:00	22.7	136	115	75	52	20	8	6	4					111	105	60	78	25	9	6	4					124	125	69	46	15	6	5	5																																																																
3:00:00	22.7	142	115	67	50	22	8	7	4					116	97	59	73	24	8	7	5					125	126	77	50	14	8	6	4																																																																
3:01:00	22.7	134	124	70	49	21	8	7	4					111	98	60	78	25	7	7	5					126	130	73	47	13	7	6	4																																																																
3:02:00	22.7	135	115	70	52	20	9	6	4					113	99	55	72	25	10	7	5					122	133	75	47	15	7	6	4																																																																
3:03:00	22.7	135	119	69	54	22	7	7	4					111	99	59	76	23	8	7	4					118	127	70	46	13	7	5	5																																																																
3:04:00	22.7	131	118	65	52	21	7	6	4					118	102	56	77	23	10	7	5					119	123	67	50	15	8	5	4																																																																
3:05:00	22.7	128	110	70	46	20	9	6	4					115	99	56	73	25	9	7	5					119	121	72	47	15	8	6	4																																																																
3:06:00	22.7	132	110	69	49	20	8	6	5					115	98	57	75	24	9	7	4					120	130	67	48	16	7	5	4																																																																
3:07:00	22.7	136	108	68	49	24	8	6	4					105	99	54	73	22	9	6	5					120	125	74	48	14	7	5	4																																																																
3:08:00	22.7	127	117	65	49	21	8	6	4					109	97	56	73	24	9	7	5					120	120	70	49	15	8	6	4																																																																
3:09:00	22.7	127	109	69	46	21	7	6	4					111	95	55	72	22	7	7	5					120	127	71	46	14	7	5	4																																																																
3:10:00	22.7	125	113	68	49	20	9	6	4					107	92	56	71	23	10	7	5					118	122	66	46	13	7	6	4																																																																
3:11:00	22.7	127	115	67	49	21	8	7	4					106	95	55	71	22	9	6	4					123	120	68	45	14	8	6	5																																																																
3:12:00	22.7	126	114	68	48	19	9	7	4					105	94	56	76	27	9	6	4					114	118	69	47	15	7	5	5																																																																
3:13:00	22.7	125	111	69	46	22	7	6	4					106	99	55	71	22	8	6	4					118	118	69	47	13	8	5	4																																																																
3:14:00	22.7	126	110	69	50	21	8	6	4					108	94	53	71	25	8	7	4					117	122	70	46	15	8	5	4																																																																
3:15:00	22.7	124	108	65	50	21	8	6	4					108	95	56	71	23	9	8	4					116	113	68	49	15	7	6	4																																																																
3:16:00	22.7	126	109	68	46	21	8	7	4					102	88	52	70	22	10	7	4					114	116	69	47	14	8	6	4																																																																
3:17:00	22.7	125	108	62	52	20	8	6	5					104	88	55	74	22	9	7	4					119	117	68	49	14	7	5	4																																																																
3:18:00	22.8	123	107	64	49	21	9	6	4					105	97	55	67	22	9	6	4					113	120	65	46	15	8	5	5																																																																
3:19:00	22.8	121	111	64	45	21	6	6	4					105	93	53	69	25	9	7	5					111	117	66	47	13	8	7	4																																																																
3:20:00	22.8	118	108	67	48	21	9	7	5					106	97	51	72	23	9	7	5					110	113	66	47	14	7	6	3																																																																
3:21:00	22.8	121	105	61	48	19	8	6	4					101	91	54	69	22	10	6	4					115	118	67	48	14	8	5	4																																																																
3:22:00	22.8	123	109	62	46	20	8	6	4					104	90	53	70	26	9	7	5					109	118	63	45	14	7	6	5																																																																
3:23:00	22.8	120	111	63	49	21	8	7	4					102	94	53	72	24	9	6	4					112	117	65	46	13	8	5	5																																																																
3:24:00	22.8	115	105	70	47	20	9	7	5					99	92	53	66	23	9	7	4					109	112	64	46	15	8	6	4																																																																
3:25:00	22.8	119	101	63	47	20	10	7	4					101	95	52	69	23	10	7	4					114	115	62	46	14	7	6	5																																																																
3:26:00	22.8	118	108	67	47	19	8	6	4					102	91	50	70	23	8	8	4					107	114	64	46	13	6	5	4																																																																
3:27:00	22.8	119	110	62	47	21	10	6	5					100	87	52	68	25	8	6	5					111	111	61	46	13	7	6	4																																																																
3:28:00	22.8	120	101	62	46	21	9	7	5					100	86	48	70	22	8	6	5					105	110	65	44	14	6	5	4																																																																
3:29:00	22.8	114	102	67	47	21	8	7	4					99	88	53	65	21	9	6	5					115	110	60	47	12	7	5	5																																																																
3:30:00	22.8	116	102	67	48	21	8	6	4					99	85	52	68	22	9	7	4					105	110	65	44	15	7	5	4																																																																
3:31:00	22.8	115	101	62	46	20	8	6	4					95	88	51	64	22	9	6	5					108	111	63	47	15	7	6	4																																																																
3:32:00	22.8	112	106	65	44	21	8	5	4					102	92	55	68	24	9	8	5					110	111	62	47	14	8	5	4																																																																
3:33:00	22.8	115	103	63	45	22	9	6	4					92	88	52	71	23	9	7	4					107	108	62	43	13	8	6	4																																																																
3:34:00	22.8	113	98	64	49	18	7	6	4					95	84	51	65	24	9	6	4					104	110	63	42	15	7	5	4																																																																
3:35:00	22.8	109	99	62	47	22	8	6	4					97	88	48	63	22	9	6	5					107	109	62	43	14	8	6	4																																																																
3:36:00	22.8	113	103	62	46	20	9	5	4					93	87	50	62	22	8	5	4					111	104	61	44	15	8	6	5																																																																
3:37:00	22.8	113	102	61	45	21	8	6	4					101	84	55	61	22	9	6	5					103	114	63	46	15	8	5	5																																																																
3:38:00	22.8	110	101	61	44	20	8	5	4					90	87	51	62	25	8	7	4					106	107	59	43	15	7	6	5																																																																
3:39:00	22.8	110	102	64	45	18	8	6	4					92	85	53	66	24	11	7	5					102	113	59	42	13	8	6	4																																																																
3:40:00	22.8	110	97	57	48	20	9	7	5					95	87	52	62	20	8	6	4					98	107	61	44	13	6	6	4																																																																
3:41:00	22.8	108	102	61	47	22	8	6	4					95	83	51	63	22	9	7	4					101	110	55	44	13	7	5	4																																																																
3:42:00	22.8	114	98	61	50	20	9	5	4					96	83	50	66	24	9	7	4					100	101	60	42	11	7	5	4																																																																
3:43:00	22.8	105	99	58	48	20	10	5	4					94	83	50	64	22	10	8	4					101	103	62	44	14	7	5	5																																																																
3:44:00	22.8	109	99	62	46	20	8	6	4					87	84	52	66	21	9	8	5					99	109	57	41	14	6	5	4																																																																
3:45:00	22.8	106	97	59	44	19	8	6	4					93	87	48	63	23	10	7	4					104	103	58	40	16	8	5	4																																																																
3:46:00	22.8	108	98	61	44	21	8	6	4					91	85	50	67	23	9	6	4					99	109	56	43	14	7	5	4																																																																
3:47:00	22.8	108	95	58	44	18	9	6	4					91	81	49	60	21	9	7	4					104	111	60	44	15	7	6	5																																																																
3:48:00	22.8	107	97	60	45	21	9	6	4					92	78	50	62	21	8	7	5					103	102	60	45	15	9	5	4																																																																
3:49:00	22.8	106	99	60	46	22	8	6	5					89	84	47	60	23	9	7	5					102	106	57	41	14	8	6	4																																																																
3:50:00	22.8	105	98	60	45	21	9	5	4					94	78	48	64	22	10	6	4					100	99	59	41	14	8	6	5																																																																
3:51:00	22.8	102	100	61	41	19	7	6	5					89	82	48	63	25	8	8	4					103	107	56	42	14	8	6	5																																																																
3:52:00	22.8	101	98	56	44	20	8	7	4					88	82	48	60	22	9	7	4					100	103	61	41	14	7	5	4																																																																
3:53:00	22.8	106	92	61	45	20	8	7	4					88	83	49	60	25	9	8	5					99	99	59	43	15	7	5	4																																																																
3:54:00	22.8	104	95	57	47	17	9	6	4					87	79	45	60	22	11	7	4					100	103	61	41	15	8	6	4																																																																
3:55:00	22.8	103	93	59	45	21	10	8	5					86	78	49	64	22	10	7	5					98	103	59	42	15	8	6	5																																																																
3:56:00	22.8	103	96	57	45	21	9	6	4					91	80	47	60	22	9	7	5					95	103	59	43	13	7	6	4																																																																
3:57:00	22.8	107	96	59	45	18	7	6	4					84	75	44	62	23	10	7	4					97	100	56	44	13	8	6	4																																																																
3:58:00	22.8	101	98	59	44	20	9	6	4					88	81	51	63	23	9	6	5					100	101	60	41	14	7	5	4																																																																
3:59:00	22.8	103	94	57	41	21	9	7	4					83	80	46	60	24	10	6	4					94	100	53	41	16	7	5	4																																																																
4:00:00	22.8	106	90	57	47	20	8	6	5					82	84	46	59	23	9	6	5					95	101	52	40	14	7	6	4																																																																
4:01:00	22.8	100	90	58	41	19	7	7	4					86	83	44	60	23	10	8	4					98	97	56	42	13	7	5	4																																																																
4:02:00	22.8	107	90	59	42	20	9	6	5					88	86	49	63	22	8	6	4					93	98	57	41	14	7	5	4																																																																
4:03:00	22.8	98	91	58	45	20	7	6	4					83	78	46	61	23	9	6	4					93	98	57	41	14	8	6	5																																																																
4:04:00	22.8	101	95	57	45	21	9	7	4					86	77	46	61	23	10	7	5					94	93	59	43	14	9	6	4																																																																
4:05:00	22.8	100	92	58	44	19	9	6	4					85	78	49	59	23	9	6	4					101	99	55	39	15	8	6	4																																																																
4:06:00	22.8	96	94	55	43	20	9	7	4					86	80	49	62	23	10	6	4					96	98	57	43	13	7	6	5																																																																
4:07:00	22.8	104	88	53	43	20	8	7	4					88	78	45	60	22	10	6	5					94	98	57	42	14	7	5	5																																																																
4:08:00	22.8	97	91	58	43	19	9	7	5					80	80	46	57	22	9	6	5					97	91	56	43	13	8	5	4																																																																
4:09:00	22.8	97	96	57	44	19	8	7	4					82	77	46	60	24	10	7	4					95	99	57	41	15	8	6	5																																																																
4:10:00	22.8	100	87	57	42	18	9	5	9					82	78	43	57	20	8	6	5					91	96	55	40	13	8	6	4																																																																
4:11:00	22.8	97	89	53	43	20	8	7	4					80	79	47	59	23	9	8	6					96	96	56	41	12	8	5	4																																																																
4:12:00	22.8	99	91	53	45	20	9	6	5					82	79	45	60	22	10	7	4					97	97	55	39	13	7	6	4																																																																
4:13:00	22.8	100	87	55	43	20	8	6	3					81	78	47	60	22	8	7	5					93	93	57	39	16	7	5	4																																																																
4:14:00	22.8	95	92	57	45	21	8	7	5					80	76	44	56	23	9	8	5					93	92	55	40	14	8	6	4																																																																
4:15:00	22.8	99	87	52	43	20	7	7	6					82	78	46	58	22	10	7	5					92	94	56	41	13	7	6	4																																																																
4:16:00	22.8	92	91	55	43	20	8	7	4					83	77	45	52	22	9	8	4					89	93	55	41	13	8	5	5																																																																
4:17:00	22.8	92	88	57	42	17	8	7	4					82	76	46	58	21	8	8	5					92	91	51	39	13	7	5	4																																																																
4:18:00	22.8	100	87	55	44	21	8	7	5					81	78	48	58	22	10	8	4					94	91	57	42	15	8	6	4																																																																
4:19:00	22.8	98	89	51	41	22	8	7	4					84	73	47	58	21	8	8	5					94	98	54	41	13	8	5	4																																																																
4:20:00	22.8	97	91	52	42	19	8	7	4					83	76	46	53	23	9	5	5					92	99	55	41	14	7	5	5																																																																
4:21:00	22.8	96	92	54	40	20	8	6	5					81	78	46	60	24	9	7	4					92	97	55	39	13	7	5	4																																																																
4:22:00	22.8	95	91	57	45	19	8	6	5					84	74	43	57	22	11	7	5					89	99	51	39	14	7	6	4																																																																
4:23:00	22.8	98	89	55	39	21	9	7	5					81	76	47	53	22	9	7	4					94	94	55	38	14	8	6	5																																																																
4:24:00	22.8	101	88	54	42	20	9	6	5					82	78	46	55	22	10	7	5					90	97	57	38	13	6	6	5																																																																
4:25:00	22.8	94	92	54	40	21	9	6	4					75	74	45	60	22	9	7	4					96	87	55	39	14	7	5	4																																																																
4:26:00	22.8	99	85	53	43	21	9	6	5					74	75	44	55	22	10	7	5					90	88	49	36	13	7	6	4																																																																
4:27:00	22.8	93	84	57	40	20	8	6	4					79	73	44	51	22	9	7	5					89	88	52	39	14	7	5	4																																																																
4:28:00	22.8	93	88	55	41	21	9	7	4					84	74	46	56	20	10	7	5					95	93	50	41	16	7	6	4																																																																
4:29:00	22.8	92	90	54	40	19	9	7	4					80	75	44	55	21	9	7	5					93	92	52	38	14	8	5	4																																																																
4:30:00	22.8	92	87	55	38	20	8	6	5					77	72	47	56	22	10	6	4					85	92	52	44	13	7	5	4																																																																
4:31:00	22.8	93	85	54	41	20	9	7	4					75	74	43	57	22	9	7	4					91	90	52	43	14	7	6	4																																																																
4:32:00	22.8	91	89	57	40	19	8	7	4					81	74	45	55	24	9	8	5					84	92	51	41	14	7	6	4																																																																
4:33:00	22.8	95	85	51	42	18	8	6	4					79	70	43	56	21	9	6	5					87	91	51	43	13	7	7	5																																																																
4:34:00	22.8	93	87	56	41	19	8	6	4					73	75	44	52	22	9	7	4					86	85	49	42	11	9	7	5																																																																
4:35:00	22.8	92	83	54	41	19	8	7	4					74	78	42	53	20	9	7	5					88	92	50	40	13	7	6	4																																																																
4:36:00	22.8	96	85	51	41	20	8	6	5					78	69	42	54	22	9	7	5					86	89	54	40	12	7	6	5																																																																
4:37:00	22.8	89	82	56	42	21	8	7	5					78	72	44	58	22	10	6	5					85	89	51	39	12	7	5	4																																																																
4:38:00	22.8	93	89	56	41	19	9	8	5					79	73	42	55	20	9	7	4					91	94	53	37	14	8	5	4																																																																
4:39:00	22.8	94	86	52	43	20	8	6	4					75	72	44	54	22	9	8	5					87	85	53	38	13	7	6	4																																																																
4:40:00	22.8	89	86	53	41	22	9	7	5					79	69	41	57	21	10	7	4					86	92	54	39	13	8	6	5																																																																
4:41:00	22.8	91	84	54	41	21	9	7	4					78	73	45	53	19	10	7	4					86	91	52	41	13	8	7	4																																																																
4:42:00	22.8	93	84	50	41	21	8	7	4					75	72	44	55	21	8	7	5					85	86	51	39	14	7	6	4																																																																
4:43:00	22.8	88	82	50	40	23	10	7	4					74	72	42	53	23	10	6	4					86	86	51	39	15	8	6	4																																																																
4:44:00	22.8	93	88	53	41	19	8	6	4					76	75	46	50	21	9	7	4					83	85	52	40	13	8	6	4																																																																
4:45:00	22.8	89	83	53	39	19	8	7	5					74	73	45	53	22	10	7	5					80	91	48	38	13	7	6	5																																																																
4:46:00	22.8	89	83	52	39	19	8	7	4					81	72	42	53	21	10	8	4					84	91	52	40	12	7	6	5																																																																
4:47:00	22.8	89	83	50	42	21	8	7	5					72	70	45	52	22	9	7	5					82	90	51	38	13	8	6	5																																																																
4:48:00	22.8	89	86	50	43	19	8	8	5					78	73	43	56	22	9	7	5					85	92	52	36	15	7	6	4																																																																
4:49:00	22.8	90	82	52	39	20	9	7	4					72	71	43	55	18	10	6	4					88	88	51	41	13	7	6	4																																																																
4:50:00	22.8	87	83	50	41	20	9	6	5					72	67	45	52	21	8	7	5					85	87	47	39	14	8	6	4																																																																
4:51:00	22.8	89	84	51	39	20	8	6	4					74	70	45	51	23	10	8	4					84	90	48	40	13	7	5	5																																																																
4:52:00	22.9	89	81	53	40	19	8	5	4					69	73	42	53	23	8	7	5					85	87	49	36	12	7	6	4																																																																
4:53:00	22.9	87	90	52	42	19	8	7	5					72	69	41	52	20	8	8	5					84	88	50	41	12	7	5	4																																																																
4:54:00	22.9	86	83	51	41	19	9	6	4					69	71	44	53	22	8	8	5					84	86	47	35	13	7	7	5																																																																
4:55:00	22.9	82	85	53	41	19	8	6	5					71	71	43	53	21	10	7	4					79	86	50	39	13	7	6	4																																																																
4:56:00	22.9	89	86	51	41	20	9	6	4					74	72	41	51	21	9	7	5					84	87	49	37	13	7	6	5																																																																
4:57:00	22.9	89	84	54	36	20	9	5	4					71	67	42	49	22	8	8	4					83	87	49	38	15	8	7	4																																																																
4:58:00	22.9	89	77	52	39	19	9	6	4					70	70	41	53	22	10	7	5					84	90	52	36	14	9	6	4																																																																
4:59:00	22.9	86	82	50	39	20	7	7	4					72	71	41	51	21	10	7	4					84	86	53	37	13	7	6	4																																																																
5:00:00	22.9	87	79	50	40	20	8	7	5					75	68	42	53	22	9	7	5					82	86	50	38	14	8	6	4																																																																
5:01:00	22.9	89	81	48	43	19	10	6	5					72	72	40	51	22	9	7	4					82	87	47	39	13	8	6	4																																																																
5:02:00	22.9	86	83	48	41	20	8	6	4					72	71	42	51	21	9	8	5					85	89	49	37	14	7	6	5																																																																
5:03:00	22.9	86	77	51	39	20	9	6	4					71	72	43	53	20	10	6	5					85	86	49	37	14	8	6	5																																																																
5:04:00	22.9	91	80	51	40	18	8	6	4					75	69	39	49	21	9	8	4					79	86	50	39	14	8	5	5																																																																
5:05:00	22.9	82	81	51	41	21	8	6	4					70	66	39	51	20	9	8	5					82	85	48	36	15	8	7	5																																																																
5:06:00	22.9	82	87	49	38	21	8	7	4					67	66	40	55	21	8	8	5					83	82	48	36	13	8	6	4																																																																
5:07:00	22.9	86	80	52	39	19	8	7	4					72	71	45	50	20	10	7	4					79	86	48	38	14	8	5	5																																																																
5:08:00	22.9	86	83	53	41	20	9	7	5					68	68	41	49	21	9	6	5					81	86	52	38	12	9	6	4																																																																
5:09:00	22.9	83	80	51	44	20	8	7	4					69	70	44	51	23	10	8	4					77	87	52	38	11	6	6	4																																																																
5:10:00	22.9	85	81	50	37	20	8	7	4					69	68	40	49	19	9	8	5					81	86	46	35	13	8	6	5																																																																
5:11:00	22.9	86	84	49	39	19	7	7	5					72	71	42	52	18	9	7	4					87	84	49	37	13	8	6	4																																																																
5:12:00	22.9	86	78	49	37	20	9	6	5					74	65	44	51	20	10	7	5					79	85	50	39	15	8	6	5																																																																
5:13:00	22.9	85	83	48	42	19	9	8	5					71	68	43	51	21	10	7	5					83	82	49	39	13	9	6	4																																																																
5:14:00	22.9	84	82	51	42	21	9	7	5					72	70	39	51	20	9	9	5					81	87	48	41	12	8	6	5																																																																
5:15:00	22.9	81	78	51	40	19	8	7	4					71	71	42	53	20	9	7	4					82	86	46	38	15	8	5	5																																																																
5:16:00	22.9	84	78	49	42	21	8	6	4					72	72	43	50	21	9	7	5					79	87	49	36	14	7	6	4																																																																
5:17:00	22.9	83	83	48	40	20	10	7	5					74	66	40	51	22	10	7	4					83	81	46	39	12	7	6	4																																																																
5:18:00	22.9	82	80	49	39	22	8	6	5					71	67	44	49	21	10	6	5					78	85	48	37	15	7	6	5																																																																
5:19:00	22.9	83	80	49	38	20	8	7	5					70	73	40	52	20	8	7	5					79	84	51	38	15	7	6	4																																																																
5:20:00	22.9	81	78	50	38	19	8	7	5					70	68	41	47	23	10	8	5					81	82	52	39	13	7	7	4																																																																
5:21:00	22.9	84	81	48	40	20	8	7	4					69	68	46	53	24	9	7	5					76	81	46	41	13	8	6	5																																																																
5:22:00	22.9	83	80	50	40	19	8	6	5					69	68	39	51	20	10	8	4					79	79	50	35	14	7	6	5																																																																
5:23:00	22.9	83	77	48	40	20	9	7	5					69	63	42	51	23	9	7	5					81	86	46	37	12	7	6	4																																																																
5:24:00	22.9	84	76	48	38	20	8	6	5					72	69	39	51	19	9	8	4					78	80	49	37	13	8	6	5																																																																
5:25:00	22.9	85	79	47	38	20	9	7	5					68	68	40	48	18	10	7	4					77	76	49	38	13	7	6	5																																																																
5:26:00	22.9	85	78	48	40	19	9	7	6					64	70	38	55	20	9	8	5					79	80	46	39	14	8	7	4																																																																
5:27:00	22.9	80	79	47	39	19	10	7	5					66	70	41	47	20	9	6	5					81	84	46	38	13	8	6	4																																																																
5:28:00	22.9	84	79	48	39	20	10	7	4					68	67	38	50	21	12	7	4					79	84	44	35	12	7	6	5																																																																
5:29:00	22.9	82	78	49	38	19	8	7	6					66	67	45	53	20	8	7	4					78	86	47	35	14	9	6	5																																																																
5:30:00	22.9	88	79	50	39	19	7	7	4					70	69	41	50	22	10	8	5					76	82	53	37	12	7	6	5																																																																
5:31:00	22.9	83	77	49	39	18	8	7	4					68	67	43	51	21	9	8	4					79	83	48	39	12	8	7	5																																																																
5:32:00	22.9	81	78	51	41	19	8	7	4					67	66	42	48	23	9	7	5					79	81	45	39	13	8	6	5																																																																
5:33:00	22.9	83	81	48	39	17	9	7	4					68	67	40	47	20	9	7	4					80	85	48	35	13	9	6	4																																																																
5:34:00	22.9	81	78	48	38	19	8	6	5					71	67	39	50	21	10	7	5					75	83	49	39	13	9	7	4																																																																
5:35:00	22.9	80	77	52	39	17	9	6	4					72	66	38	49	20	9	8	5					78	79	52	35	14	9	7	5																																																																
5:36:00	22.9	83	77	51	38	20	9	6	4					68	70	41	52	20	10	7	4					78	82	45	37	13	7	6	4																																																																
5:37:00	22.9	82	80	50	39	18	8	6	4					69	68	40	51	21	9	8	4					78	83	48	34	14	8	6	5																																																																
5:38:00	22.9	82	75	47	40	20	10	6	5					67	66	40	48	21	10	7	5					79	79	50	35	13	8	6	4																																																																
5:39:00	22.9	83	75	50	37	19	7	6	5					67	65	42	46	18	10	8	4					77	81	47	37	13	8	6	5																																																																
5:40:00	22.9	80	77	49	38	19	8	6	5					65	69	39	48	20	10	8	5					74	83	48	35	13	8	5	4																																																																
5:41:00	22.9	82	81	50	38	18	8	8	5					68	68	38	46	21	9	7	5					74	81	47	35	13	7	6	4																																																																
5:42:00	22.9	83	79	47	39	21	9	7	5					68	70	41	47	20	9	8	4					75	82	46	35	14	8	7	4																																																																
5:43:00	22.9	84	74	48	38	18	8	7	5					67	68	43	48	21	10	6	5					76	80	40	35	13	8	6	4																																																																
5:44:00	22.9	82	78	46	38	19	8	7	4					68	67	40	47	21	8	7	5					74	79	44	39	13	9	6	5																																																																
5:45:00	22.9	79	75	48	36	20	9	8	5					67	65	39	48	21	11	8	5					80	78	48	36	13	8	6	4																																																																
5:46:00	23.0	83	77	48	36	21	10	7	5					64	70	41	48	21	9	6	5					77	77	46	34	15	7	5	4																																																																
5:47:00	23.0	84	77	49	38	19	8	6	4					68	68	39	50	18	9	7	5					78	85	41	34	13	7	6	5																																																																
5:48:00	23.0	80	76	49	37	21	8	6	4					68	67	40	48	18	11	7	6					78	79	46	39	12	8	6	4																																																																
5:49:00	23.0	80	80	46	37	18	8	7	5					66	65	42	49	20	9	7	4					75	80	42	38	13	8	5	4																																																																
5:50:00	23.0	85	79	47	40	20	8	6	5					64	66	39	47	21	10	8	4					78	80	43	37	13	7	7	4																																																																
5:51:00	23.0	79	79	48	36	20	10	7	4					67	64	41	43	19	9	7	5					77	80	48	37	14	8	6	4																																																																
5:52:00	23.0	78	76	48	37	20	9	7	5					65	64	39	47	18	9	7	5					76	81	46	37	12	7	6	5																																																																
5:53:00	23.0	77	75	48	37	19	8	7	5					64	64	40	47	19	10	8	5					77	80	45	37	13	8	5	5																																																																
5:54:00	23.0	76	78	47	39	20	8	7	4					65	63	41	47	20	10	7	5					73	75	43	37	13	8	6	5																																																																
5:55:00	23.0	78	79	46	36	18	9	6	5					66	65	41	46	21	9	7	5					77	81	52	38	12	7	6	4																																																																
5:56:00	23.0	80	77	47	37	19	9	7	4					65	65	39	48	21	9	7	5					76	83	48	39	12	8	6	5																																																																
5:57:00	23.0	81	77	46	37	20	8	6	4					65	67	41	49	20	10	7	5					74	81	46	37	14	7	6	5																																																																
5:58:00	23.0	81	79	47	39	20	8	7	5					66	66	36	47	18	10	8	4					75	85	45	34	14	8	6	5																																																																
5:59:00	23.0	78	80	51	40	20	7	7	5					63	65	41	47	21	9	8	4					73	79	46	38	13	8	6	5																																																																
6:00:00	23.0	75	79	47	38	21	9	7	4					68	65	36	47	21	10	8	5					72	77	45	38	13	8	7	4																																																																
6:01:00	23.0	84	75	48	38	19	8	6	5					66	67	41	47	18	10	7	5					75	81	45	35	15	8	6	5																																																																
6:02:00	23.0	79	79	48	38	18	8	7	5					67	66	39	46	18	9	8	5					71	79	45	35	12	7	6	4																																																																
6:03:00	23.0	80	75	47	36	17	9	6	5					66	65	37	48	20	8	8	5					75	80	46	38	14	8	6	5																																																																
6:04:00	23.0	81	73	47	37	18	8	7	4					65	65	39	45	17	10	8	5					74	77	43	36	14	8	6	5																																																																
6:05:00	23.0	81	73	47	38	20	8	7	5					63	63	41	43	19	9	7	4					76	76	46	38	13	8	6	4																																																																
6:06:00	23.0	77	78	48	38	19	8	7	5					63	64	40	48	20	10	7	4					76	79	43	35	13	8	6	4																																																																
6:07:00	23.0	79	75	46	39	18	8	6	5					62	61	38	47	19	10	8	5					75	75	43	35	13	7	6	4																																																																
6:08:00	23.0	77	75	50	40	19	8	7	5					59	63	41	50	19	9	7	4					75	81	44	37	11	8	6	4																																																																
6:09:00	23.0	77	79	46	36	20	7	7	5					64	67	41	46	21	10	7	6					75	80	43	37	13	8	6	5																																																																
6:10:00	23.0	79	76	47	34	17	9	8	5					64	67	41	49	20	8	8	4					72	81	46	35	12	8	5	4																																																																
6:11:00	23.0	77	75	47	36	19	8	6	4					64	65	37	49	21	9	7	5					71	79	44	37	12	9	6	5																																																																
6:12:00	23.0	77	72	49	35	18	8	7	5					63	64	39	44	20	9	6	5					75	81	46	36	14	8	6	5																																																																
6:13:00	23.0	77	74	45	38	20	9	7	4					63	63	39	46	21	10	8	5					70	74	43	35	14	7	6	5																																																																
6:14:00	23.0	76	74	46	37	20	7	7	5					63	67	38	49	19	10	6	5					77	82	42	35	12	8	6	5																																																																
6:15:00	23.0	73	72	46	33	18	9	7	4					63	64	38	45	19	10	8	5					72	79	46	37	13	9	7	5																																																																
6:16:00	23.0	78	74	46	37	17	8	7	5					66	66	40	47	22	9	9	4					75	81	45	39	13	8	5	4																																																																
6:17:00	23.0	81	78	46	37	20	8	6	5					65	63	37	47	20	10	8	4					75	77	42	37	14	7	7	4																																																																
6:18:00	23.0	77	75	48	36	18	9	7	4					63	63	36	44	21	10	7	5					72	77	43	34	14	8	7	5																																																																
6:19:00	23.0	78	73	47	37	19	10	7	4					64	63	39	44	19	9	7	5					74	76	48	36	12	7	6	5																																																																
6:20:00	23.0	77	72	46	36	20	8	7	4					63	60	37	43	19	11	7	5					72	78	44	35	11	7	6	4																																																																
6:21:00	23.0	76	75	44	36	20	10	6	5					63	60	39	48	21	8	8	4					74	81	44	36	14	7	5	5																																																																
6:22:00	23.0	77	73	45	34	19	8	7	5					64	62	35	47	20	10	8	5					74	76	47	35	12	8	7	4																																																																
6:23:00	23.0	79	69	45	35	19	9	7	5					63	61	37	46	20	8	8	5					73	78	44	35	13	8	6	4																																																																
6:24:00	23.0	81	73	48	37	19	9	7	5					64	65	38	43	19	10	8	5					76	77	41	36	12	8	7	5																																																																
6:25:00	23.0	82	72	47	34	19	8	6	4					63	63	39	44	20	10	7	5					74	80	47	37	14	7	6	4																																																																
6:26:00	23.0	76	71	45	36	19	8	5	5					68	64	39	43	20	10	7	5					71	73	43	36	13	8	7	4																																																																
6:27:00	23.0	76	74	44	37	20	8	6	5					61	62	40	46	18	10	8	4					74	80	45	38	13	8	6	5																																																																
6:28:00	23.0	76	71	47	36	19	8	6	4					62	66	38	46	20	9	8	5					74	77	45	38	13	7	6	4																																																																
6:29:00	23.0	77	73	45	37	19	8	6	5					66	57	36	45	20	10	8	4					74	83	46	34	15	8	6	4																																																																
6:30:00	23.0	74	77	44	39	19	8	6	5					60	63	37	46	19	10	8	4					71	81	43	36	13	7	6	5																																																																
6:31:00	23.0	74	72	46	36	19	9	7	5					64	62	43	43	19	11	7	5					72	74	44	40	14	7	6	5																																																																
6:32:00	23.0	77	73	44	37	21	9	7	5					60	66	37	43	20	11	7	4					70	81	42	37	13	7	7	5																																																																
6:33:00	23.0	75	73	44	39	19	10	7	4					58	61	36	44	20	10	7	5					71	76	43	35	13	8	6	5																																																																
6:34:00	23.0	74	73	47	38	18	9	7	5					58	61	38	46	17	10	8	4					71	75	45	33	13	7	6	5																																																																
6:35:00	23.0	78	71	42	38	18	9	7	4					59	62	36	44	19	10	7	5					73	74	44	38	12	8	6	4																																																																
6:36:00	23.0	72	74	44	36	18	8	8	5					62	61	36	42	21	9	7	5					70	74	44	34	13	7	7	5																																																																
6:37:00	23.0	77	72	45	35	17	8	6	4					60	68	38	47	18	9	7	4					74	75	44	38	13	8	5	5																																																																
6:38:00	23.0	73	70	45	36	19	9	7	5					59	61	36	42	19	10	8	5					72	71	42	37	12	7	6	4																																																																
6:39:00	23.0	74	70	45	38	19	8	7	4					60	61	38	46	19	10	8	5					71	75	41	35	13	7	6	5																																																																
6:40:00	23.0	74	74	44	36	19	10	7	5					59	61	38	44	19	9	7	5					71	76	43	34	13	8	6	5																																																																
6:41:00	23.0	73	74	45	34	19	8	7	5					62	64	36	44	19	10	7	5					71	73	42	35	14	8	6	4																																																																
6:42:00	23.0	73	66	47	36	20	7	7	5					60	65	38	43	21	9	7	5					73	74	43	36	13	8	7	5																																																																
6:43:00	23.0	73	70	43	39	18	8	6	4					62	66	35	44	21	11	7	5					67	78	44	38	13	7	6	4																																																																
6:44:00	23.0	75	71	42	37	20	9	7	5					62	58	37	43	19	9	8	5					72	76	42	33	14	8	5	5																																																																
6:45:00	23.0	75	72	45	36	19	9	8	5					61	64	35	45	19	10	7	5					73	76	43	34	11	7	6	5																																																																
6:46:00	23.0	76	71	46	36	20	8	6	5					59	61	37	41	21	10	8	5					71	74	44	35	12	8	6	5																																																																
6:47:00	23.0	75	71	43	38	19	9	7	4					64	64	36	43	19	10	7	5					73	76	44	36	12	8	6	5																																																																
6:48:00	23.0	73	73	48	36	22	8	8	5					62	60	36	44	19	10	8	4					73	77	44	34	14	7	7	4																																																																
6:49:00	23.0	73	73	45	38	21	9	7	4					59	63	38	44	19	10	7	5					73	72	43	35	12	8	6	5																																																																
6:50:00	23.0	75	69	45	37	20	9	7	4					62	62	39	45	20	9	7	4					68	76	41	35	14	8	5	5																																																																
6:51:00	23.0	75	75	45	35	19	8	8	4					60	58	38	42	20	8	7	5					69	78	44	35	14	7	6	4																																																																
6:52:00	23.0	73	72	46	32	20	10	7	4					60	67	36	43	21	10	7	5					69	72	43	35	13	9	7	4																																																																
6:53:00	23.0	73	76	45	38	20	8	6	5					61	64	36	43	20	10	8	4					71	74	43	35	13	9	6	5																																																																
6:54:00	23.0	73	69	44	35	20	9	8	5					62	63	36	41	17	10	7	5					68	73	42	36	14	7	7	4																																																																
6:55:00	23.0	73	70	44	34	20	8	7	5					61	64	39	39	19	9	7	5					65	74	43	36	13	8	7	4																																																																
6:56:00	23.0	73	74	43	37	21	8	8	4					60	61	36	43	18	9	8	5					67	75	42	35	14	9	6	5																																																																
6:57:00	23.0	75	71	44	38	20	9	8	5					61	59	37	42	20	11	8	5					70	72	43	36	13	9	6	4																																																																
6:58:00	23.0	75	71	47	35	19	8	6	4					65	62	36	42	19	10	9	4					71	76	42	37	13	9	8	5																																																																
6:59:00	23.0	77	74	44	34	19	9	7	5					57	63	39	45	20	9	7	5					66	75	44	34	14	8	6	4																																																																
7:00:00	23.0	75	71	41	35	18	9	8	4					61	61	36	45	19	9	8	5					72	75	44	36	13	8	6	5																																																																

Results
	1	2	3	4	5	6	7	8	9	10	11	12
A	-58500.000	-35900.000	14000.000	12800.000	1600.000	700.000	-700.000	1000.000	?????	?????	?????	?????	Max V [Lum]
	0.966	0.990	0.944	0.802	0.955	0.942	0.942	0.532	?????	?????	?????	?????	R-Squared [Lum]
	0:12:00	0:14:00	0:02:00	0:02:00	0:02:00	3:53:00	4:50:00	4:08:00	?????	?????	?????	?????	t at Max V [Lum]
	0:06:55	0:06:38	0:00:00	?????	0:00:00	3:45:17	4:56:17	4:04:48	?????	?????	?????	?????	Lagtime [Lum]
B	-38900.000	-39300.000	-11100.000	-9600.000	1300.000	600.000	-700.000	400.000	?????	?????	?????	?????	Max V [Lum]
	0.999	0.993	0.985	0.841	0.812	0.692	0.942	0.500	?????	?????	?????	?????	R-Squared [Lum]
	0:10:00	0:15:00	0:16:00	0:13:00	1:41:00	2:00:00	3:34:00	6:07:00	?????	?????	?????	?????	t at Max V [Lum]
	0:03:54	0:05:40	0:09:24	0:08:19	1:30:05	1:52:40	3:40:17	6:00:30	?????	?????	?????	?????	Lagtime [Lum]
C	-46200.000	-52000.000	-16100.000	-10600.000	1300.000	600.000	500.000	400.000	?????	?????	?????	?????	Max V [Lum]
	0.992	0.992	0.963	0.934	0.797	0.750	0.781	0.571	?????	?????	?????	?????	R-Squared [Lum]
	0:13:00	0:10:00	0:12:00	0:20:00	0:02:00	5:11:00	2:53:00	2:33:00	?????	?????	?????	?????	t at Max V [Lum]
	0:04:21	0:04:51	0:06:12	0:12:14	?????	5:04:40	2:47:48	2:28:30	?????	?????	?????	?????	Lagtime [Lum]
D	?????	?????	?????	?????	?????	?????	?????	?????	?????	?????	?????	?????	Max V [Lum]
	?????	?????	?????	?????	?????	?????	?????	?????	?????	?????	?????	?????	R-Squared [Lum]
	?????	?????	?????	?????	?????	?????	?????	?????	?????	?????	?????	?????	t at Max V [Lum]
	?????	?????	?????	?????	?????	?????	?????	?????	?????	?????	?????	?????	Lagtime [Lum]
E	?????	?????	?????	?????	?????	?????	?????	?????	?????	?????	?????	?????	Max V [Lum]
	?????	?????	?????	?????	?????	?????	?????	?????	?????	?????	?????	?????	R-Squared [Lum]
	?????	?????	?????	?????	?????	?????	?????	?????	?????	?????	?????	?????	t at Max V [Lum]
	?????	?????	?????	?????	?????	?????	?????	?????	?????	?????	?????	?????	Lagtime [Lum]
F	?????	?????	?????	?????	?????	?????	?????	?????	?????	?????	?????	?????	Max V [Lum]
	?????	?????	?????	?????	?????	?????	?????	?????	?????	?????	?????	?????	R-Squared [Lum]
	?????	?????	?????	?????	?????	?????	?????	?????	?????	?????	?????	?????	t at Max V [Lum]
	?????	?????	?????	?????	?????	?????	?????	?????	?????	?????	?????	?????	Lagtime [Lum]
G	?????	?????	?????	?????	?????	?????	?????	?????	?????	?????	?????	?????	Max V [Lum]
	?????	?????	?????	?????	?????	?????	?????	?????	?????	?????	?????	?????	R-Squared [Lum]
	?????	?????	?????	?????	?????	?????	?????	?????	?????	?????	?????	?????	t at Max V [Lum]
	?????	?????	?????	?????	?????	?????	?????	?????	?????	?????	?????	?????	Lagtime [Lum]
H	?????	?????	?????	?????	?????	?????	?????	?????	?????	?????	?????	?????	Max V [Lum]
	?????	?????	?????	?????	?????	?????	?????	?????	?????	?????	?????	?????	R-Squared [Lum]
	?????	?????	?????	?????	?????	?????	?????	?????	?????	?????	?????	?????	t at Max V [Lum]
	?????	?????	?????	?????	?????	?????	?????	?????	?????	?????	?????	?????	Lagtime [Lum]

