Mean of R Squared = 0.5630164112237662
Mean of RMSE = 19.91895644487845
Mean of integrals = 48260.75
Optimize parameters are: a, b, c...
[[2.15724e+01	6.48142e-21]
 [6.51686e+01	1.66318e-21]
 [1.00140e+02	7.99818e-07]
 [3.15236e+02	2.76387e-05]
 [3.38626e+02	9.10536e-05]
 [3.25391e+02	1.35627e-04]
 [9.80571e+02	2.30299e-04]
 [7.70913e+02	2.41133e-04]
 [1.99454e+01	9.93366e-25]
 [6.24014e+01	2.06111e-22]
 [7.98290e+01	1.77848e-20]
 [4.54709e+02	2.56229e-05]
 [2.14096e+02	6.87028e-05]
 [2.36979e+02	1.27535e-04]
 [6.77066e+02	1.61923e-04]
 [6.60576e+02	1.75267e-04]
 [2.06247e+01	1.91685e-25]
 [7.87720e+01	4.37784e-26]
 [1.01325e+02	8.97952e-25]
 [2.64473e+02	3.04162e-05]
 [2.17214e+02	8.80501e-05]
 [1.57078e+02	1.17554e-04]
 [5.98038e+02	2.11245e-04]
 [6.17202e+02	2.18913e-04]]
Statistics are: R^2, RMSE, integration
[[-6.66134e-16	 3.84530e+00	 9.08200e+03]
 [ 0.00000e+00	 8.49661e+00	 2.74360e+04]
 [ 2.81130e-03	 1.13899e+01	 4.17370e+04]
 [ 7.24238e-01	 2.94499e+01	 9.54150e+04]
 [ 9.49256e-01	 1.97970e+01	 5.56620e+04]
 [ 9.44575e-01	 1.94439e+01	 4.02030e+04]
 [ 9.66802e-01	 4.10857e+01	 7.83440e+04]
 [ 9.44745e-01	 4.03170e+01	 6.20210e+04]
 [ 0.00000e+00	 3.40662e+00	 8.39700e+03]
 [ 0.00000e+00	 1.00390e+01	 2.62710e+04]
 [-2.22045e-16	 7.68836e+00	 3.36080e+04]
 [ 6.96116e-01	 4.31182e+01	 1.40814e+05]
 [ 8.88698e-01	 1.82010e+01	 4.25260e+04]
 [ 9.35305e-01	 1.54443e+01	 3.07090e+04]
 [ 9.61364e-01	 3.32972e+01	 7.16710e+04]
 [ 9.52696e-01	 3.50049e+01	 6.67200e+04]
 [ 0.00000e+00	 3.44785e+00	 8.68300e+03]
 [ 0.00000e+00	 1.31664e+01	 3.31630e+04]
 [ 0.00000e+00	 1.08591e+01	 4.26580e+04]
 [ 7.78093e-01	 2.27096e+01	 7.76110e+04]
 [ 9.47717e-01	 1.27494e+01	 3.66820e+04]
 [ 9.27943e-01	 1.05643e+01	 2.20200e+04]
 [ 9.53315e-01	 2.99489e+01	 5.26210e+04]
 [ 9.38718e-01	 3.45844e+01	 5.42040e+04]]