

Software Version	3.16.10



Experiment File Path:	C:\Users\48707651\Documents\Caleb\CMG2_162.xpt
Protocol File Path:	



Plate Number	Plate 1
Date	3/10/2026
Time	7:40:36 PM
Reader Type:	Cytation5
Reader Serial Number:	1601252F
Reading Type	Reader

Procedure Details

Plate Type	96 WELL PLATE (Use plate lid)
Eject plate on completion	
Start Kinetic	Runtime 7:00:00 (HH:MM:SS), Interval 0:01:00, 421 Reads
    Read	Luminescence Endpoint
	A1..C8
	Integration Time: 0:01.00 (MM:SS.ss)
	Filter Set 1
	    Emission: Full light
	    Optics: Top,  Gain: 100
	Read Speed: Normal,  Delay: 100 msec
	Extended Dynamic Range
	Read Height: 4.5 mm
End Kinetic	

Lum

Time	T° Lum	A1	A2	A3	A4	A5	A6	A7	A8	A9	A10	A11	A12	B1	B2	B3	B4	B5	B6	B7	B8	B9	B10	B11	B12	C1	C2	C3	C4	C5	C6	C7	C8	C9	C10	C11	C12	D1	D2	D3	D4	D5	D6	D7	D8	D9	D10	D11	D12	E1	E2	E3	E4	E5	E6	E7	E8	E9	E10	E11	E12	F1	F2	F3	F4	F5	F6	F7	F8	F9	F10	F11	F12	G1	G2	G3	G4	G5	G6	G7	G8	G9	G10	G11	G12	H1	H2	H3	H4	H5	H6	H7	H8	H9	H10	H11	H12
0:00:00	22.2	84	51	26	11	84	58	27	13					89	52	30	13	90	57	29	13					95	59	30	12	93	58	29	14																																																																
0:01:00	22.2	81	51	25	12	80	51	26	14					81	53	26	12	88	51	28	14					79	54	25	14	78	51	27	13																																																																
0:02:00	22.2	74	48	25	13	69	52	24	12					75	47	26	13	81	47	27	13					75	49	26	11	78	51	25	14																																																																
0:03:00	22.2	70	42	24	12	68	47	25	11					68	46	24	11	74	47	24	11					68	46	24	12	73	44	22	11																																																																
0:04:00	22.2	67	45	23	11	69	44	21	11					67	47	22	11	68	45	22	11					66	46	22	12	66	43	23	12																																																																
0:05:00	22.2	65	43	23	11	64	42	21	11					60	42	23	10	62	41	22	12					61	45	23	12	65	44	22	11																																																																
0:06:00	22.2	63	37	21	11	56	40	20	10					54	44	21	11	64	41	22	11					61	41	21	10	64	43	22	11																																																																
0:07:00	22.2	60	38	20	11	56	36	22	12					60	39	22	10	62	42	19	9					57	41	22	10	57	39	21	11																																																																
0:08:00	22.2	54	40	22	10	51	41	19	9					57	42	20	11	57	39	19	11					55	38	21	12	55	39	21	10																																																																
0:09:00	22.2	50	36	18	11	53	39	21	10					49	38	21	12	56	38	19	12					51	38	22	11	49	35	22	11																																																																
0:10:00	22.2	50	35	18	11	54	38	21	10					45	36	20	10	51	40	18	12					47	33	19	9	50	35	18	12																																																																
0:11:00	22.3	49	33	19	11	44	36	21	11					48	33	20	10	47	37	19	11					50	36	19	11	46	37	20	10																																																																
0:12:00	22.3	48	33	19	11	48	32	20	10					44	32	19	12	42	36	17	10					43	33	22	10	45	35	21	11																																																																
0:13:00	22.3	44	33	19	11	41	34	20	10					44	33	21	9	42	34	19	10					40	35	19	10	43	35	20	11																																																																
0:14:00	22.3	45	32	19	11	43	33	21	9					39	32	20	10	40	32	18	10					42	34	20	10	40	32	20	10																																																																
0:15:00	22.3	39	30	17	10	37	33	19	9					40	30	18	8	39	31	20	8					42	32	19	11	40	34	19	11																																																																
0:16:00	22.3	38	30	19	9	38	33	19	11					40	32	20	10	36	30	18	9					36	30	18	10	36	33	21	10																																																																
0:17:00	22.3	38	27	20	11	36	29	18	11					36	34	21	9	37	29	18	9					35	32	19	10	36	29	18	10																																																																
0:18:00	22.3	33	27	17	9	33	32	17	10					34	28	19	10	37	29	19	11					35	31	18	9	33	27	17	10																																																																
0:19:00	22.4	33	28	18	10	34	29	17	9					34	30	18	9	34	28	19	9					31	30	18	9	32	31	18	10																																																																
0:20:00	22.4	31	29	17	10	29	29	20	9					32	27	20	8	33	27	19	10					29	29	18	10	28	28	20	9																																																																
0:21:00	22.4	31	28	18	9	28	27	14	10					30	28	18	10	30	29	17	10					31	28	19	10	28	25	20	10																																																																
0:22:00	22.4	29	27	19	10	29	33	18	10					28	27	18	10	30	29	17	9					28	27	17	10	26	25	19	9																																																																
0:23:00	22.4	28	28	20	10	27	25	18	10					27	26	18	9	27	25	19	9					28	26	18	10	28	26	17	9																																																																
0:24:00	22.4	28	24	18	9	26	25	16	9					27	26	19	9	26	25	16	10					25	24	17	10	25	26	16	11																																																																
0:25:00	22.4	25	25	17	11	26	23	15	11					25	25	16	10	27	26	17	10					27	25	17	10	26	26	17	9																																																																
0:26:00	22.5	23	28	18	9	25	24	18	11					24	25	17	10	25	24	16	10					23	24	17	9	24	25	17	10																																																																
0:27:00	22.5	24	23	17	10	23	23	17	8					25	24	16	10	22	24	17	10					23	24	18	9	23	25	16	10																																																																
0:28:00	22.5	23	23	19	9	21	23	17	10					22	23	19	10	21	23	17	10					21	25	19	10	22	22	17	10																																																																
0:29:00	22.5	20	24	17	10	23	23	18	10					23	22	16	10	22	22	18	8					21	22	16	9	20	22	16	11																																																																
0:30:00	22.5	21	21	17	10	20	19	17	9					22	20	16	9	22	22	19	9					21	21	15	9	21	22	14	9																																																																
0:31:00	22.5	18	22	16	9	19	25	17	9					20	21	17	10	20	21	16	11					19	21	15	10	21	21	16	9																																																																
0:32:00	22.5	21	22	19	11	19	22	17	8					20	19	16	9	19	21	17	10					19	21	15	9	19	23	16	9																																																																
0:33:00	22.5	17	20	16	10	20	18	16	9					19	19	17	10	20	22	16	10					17	21	17	10	18	22	17	11																																																																
0:34:00	22.5	17	22	15	9	19	19	16	9					19	20	15	10	15	22	16	10					19	20	18	9	18	18	16	10																																																																
0:35:00	22.5	17	16	14	9	16	21	16	10					16	19	15	7	17	20	16	9					17	17	15	9	17	18	16	9																																																																
0:36:00	22.6	17	17	17	9	15	20	16	10					17	19	16	10	17	18	16	10					16	17	14	10	18	19	16	10																																																																
0:37:00	22.6	14	19	16	11	16	19	14	8					17	19	15	10	15	19	16	9					16	17	15	10	14	20	15	8																																																																
0:38:00	22.6	15	18	17	9	17	17	16	9					14	19	18	9	14	23	16	10					16	18	16	10	15	17	15	9																																																																
0:39:00	22.6	16	17	16	9	14	16	17	8					15	19	16	9	15	19	17	10					14	19	15	9	15	17	16	10																																																																
0:40:00	22.6	14	16	16	10	14	18	15	9					14	18	15	10	15	19	15	9					14	15	16	9	14	18	14	10																																																																
0:41:00	22.6	13	17	14	10	14	16	17	10					13	17	17	10	13	16	14	10					14	18	13	9	14	16	15	9																																																																
0:42:00	22.6	12	15	15	10	13	16	15	10					13	18	15	11	14	17	13	11					13	17	15	10	12	15	15	9																																																																
0:43:00	22.6	11	18	14	11	12	16	15	10					13	16	14	9	12	16	15	10					13	16	14	9	11	16	14	8																																																																
0:44:00	22.6	12	15	14	8	12	16	15	10					13	15	14	9	13	15	16	9					11	14	14	10	11	17	15	10																																																																
0:45:00	22.7	12	14	14	8	12	16	15	9					12	16	16	8	12	16	14	11					12	16	12	9	11	15	14	9																																																																
0:46:00	22.7	11	16	14	10	11	15	13	11					10	15	15	10	11	16	14	9					10	14	15	9	10	15	14	10																																																																
0:47:00	22.7	11	14	14	10	13	15	15	9					10	15	15	8	12	15	12	9					11	14	15	9	10	14	14	8																																																																
0:48:00	22.7	10	15	14	9	11	15	14	10					10	13	14	9	12	14	14	8					10	12	13	10	10	14	15	9																																																																
0:49:00	22.7	10	13	15	9	12	14	15	10					11	15	12	10	9	16	13	10					10	14	14	9	10	13	14	10																																																																
0:50:00	22.7	11	14	15	9	11	14	16	9					11	13	13	8	10	15	14	10					10	14	14	9	10	14	13	10																																																																
0:51:00	22.7	10	12	13	10	10	14	14	10					11	13	12	9	10	15	14	10					9	14	13	9	9	15	13	9																																																																
0:52:00	22.7	9	13	14	9	10	12	14	9					10	14	16	9	9	13	14	10					8	12	13	9	9	12	14	10																																																																
0:53:00	22.7	9	13	14	8	10	13	13	10					10	14	12	9	10	13	13	10					8	14	14	9	11	13	15	11																																																																
0:54:00	22.8	9	14	13	8	10	12	14	9					9	12	14	10	9	13	13	9					9	13	15	10	8	12	14	10																																																																
0:55:00	22.8	8	12	12	10	9	12	14	9					8	14	12	10	9	12	14	9					9	13	13	9	9	11	14	9																																																																
0:56:00	22.8	7	10	14	9	8	12	12	9					9	12	14	9	9	12	12	9					8	13	13	9	9	11	12	9																																																																
0:57:00	22.8	9	13	12	9	8	12	15	10					8	11	14	8	9	11	13	10					9	12	13	9	8	11	15	8																																																																
0:58:00	22.8	10	12	14	10	8	11	15	8					9	12	13	10	7	13	13	9					8	11	10	9	8	12	11	9																																																																
0:59:00	22.8	8	10	14	10	7	11	12	10					9	11	11	8	9	13	13	9					8	11	13	9	8	11	13	8																																																																
1:00:00	22.8	8	11	14	8	7	12	13	9					8	10	13	8	7	13	12	10					7	11	11	8	8	12	15	8																																																																
1:01:00	22.8	7	13	11	9	7	11	13	9					7	11	13	8	8	12	13	10					7	11	13	8	7	11	13	10																																																																
1:02:00	22.8	7	10	12	9	8	10	13	10					7	11	12	9	8	12	15	9					6	12	13	9	7	10	12	9																																																																
1:03:00	22.8	7	12	13	9	9	10	13	10					7	11	12	8	7	9	13	9					7	11	13	8	7	11	12	9																																																																
1:04:00	22.9	7	11	13	8	7	9	12	8					8	12	13	9	8	11	12	10					8	10	13	9	7	10	11	8																																																																
1:05:00	22.9	7	11	11	9	8	10	12	9					7	10	11	8	8	10	14	10					7	10	13	10	6	10	11	9																																																																
1:06:00	22.9	7	9	12	10	7	10	11	9					7	10	11	10	7	11	11	9					6	10	12	9	7	10	13	9																																																																
1:07:00	22.9	7	9	11	9	7	9	11	9					6	10	11	9	6	10	11	10					6	9	11	8	7	9	12	8																																																																
1:08:00	22.9	7	10	11	10	7	11	12	9					7	9	12	10	7	11	12	9					6	9	13	9	6	11	13	8																																																																
1:09:00	22.9	6	10	11	8	6	10	12	10					6	9	11	9	7	9	13	9					6	10	12	8	6	9	12	9																																																																
1:10:00	22.9	6	10	12	10	6	9	11	10					6	9	14	8	7	8	13	9					6	10	14	8	6	8	12	8																																																																
1:11:00	22.9	7	10	10	9	7	9	11	9					5	9	12	8	7	9	12	9					6	9	11	8	6	11	12	9																																																																
1:12:00	22.9	5	9	12	8	7	10	12	9					6	9	11	9	6	9	11	8					6	9	11	8	6	9	12	9																																																																
1:13:00	22.9	6	9	10	8	6	10	12	9					6	9	12	9	6	9	12	9					6	8	10	10	5	9	11	9																																																																
1:14:00	23.0	6	9	11	9	6	8	11	9					6	8	12	10	5	9	12	10					7	9	11	9	5	9	12	9																																																																
1:15:00	23.0	6	9	10	9	7	8	11	9					6	9	11	9	6	8	11	10					7	8	11	8	5	9	10	9																																																																
1:16:00	23.0	6	9	11	8	6	9	11	9					5	9	10	8	5	8	12	10					5	8	12	9	6	9	10	10																																																																
1:17:00	23.0	6	8	11	10	6	8	10	10					6	8	11	8	6	9	11	11					5	8	11	9	6	9	12	10																																																																
1:18:00	23.0	6	8	10	9	5	8	12	10					6	8	12	9	6	10	14	9					6	8	11	9	5	8	11	8																																																																
1:19:00	23.0	5	8	12	8	5	8	12	8					6	9	10	10	6	9	12	9					5	7	10	9	5	8	11	8																																																																
1:20:00	23.0	5	8	12	8	6	8	11	8					5	7	10	10	5	9	11	9					5	8	10	9	5	8	11	10																																																																
1:21:00	23.0	5	8	11	10	5	9	10	9					5	8	11	8	6	8	10	9					6	8	10	9	6	8	12	9																																																																
1:22:00	23.0	6	8	10	9	5	7	12	9					6	7	11	8	5	8	11	10					6	7	12	9	5	7	12	9																																																																
1:23:00	23.0	5	7	12	9	5	9	10	9					6	7	11	8	5	8	10	9					5	7	10	8	5	8	10	9																																																																
1:24:00	23.0	5	7	11	8	5	7	12	9					5	8	9	10	6	8	11	10					5	7	10	9	5	8	10	9																																																																
1:25:00	23.0	5	7	9	9	5	6	9	9					5	8	10	10	5	8	11	9					5	6	10	8	5	7	10	8																																																																
1:26:00	23.1	5	8	10	9	5	7	10	9					5	8	10	8	5	7	11	9					5	7	11	9	5	7	10	10																																																																
1:27:00	23.1	5	8	11	9	6	6	11	9					5	7	11	9	6	8	11	9					5	6	9	8	5	6	10	9																																																																
1:28:00	23.1	5	7	10	9	5	7	10	9					5	8	12	9	5	7	10	9					5	6	9	9	5	6	10	10																																																																
1:29:00	23.1	5	7	9	8	5	7	11	10					5	7	10	9	5	8	10	9					5	7	9	9	5	8	11	8																																																																
1:30:00	23.1	5	7	10	9	5	8	9	10					5	6	9	10	6	7	10	9					5	7	9	8	5	7	12	10																																																																
1:31:00	23.1	5	7	10	9	4	7	10	9					5	7	9	9	4	8	10	9					5	8	11	9	5	7	10	9																																																																
1:32:00	23.1	5	8	9	8	5	6	11	9					4	6	11	9	4	6	10	9					4	6	9	8	5	6	9	8																																																																
1:33:00	23.1	5	7	10	9	5	6	9	9					5	7	10	9	4	7	10	9					5	7	12	9	5	6	9	9																																																																
1:34:00	23.1	4	7	10	11	4	6	9	8					4	7	9	7	5	7	9	10					4	6	9	8	5	6	11	8																																																																
1:35:00	23.1	5	6	9	9	5	6	9	8					5	7	9	10	5	7	10	11					4	7	9	9	5	5	10	9																																																																
1:36:00	23.1	4	7	10	8	5	6	9	9					5	6	10	9	4	7	9	9					5	7	9	9	5	6	10	10																																																																
1:37:00	23.1	5	6	10	10	5	6	10	9					5	7	9	9	5	8	9	8					5	6	10	8	5	6	10	8																																																																
1:38:00	23.1	5	7	9	7	5	5	9	9					5	6	9	8	4	7	9	10					5	6	10	8	4	6	11	9																																																																
1:39:00	23.1	4	6	9	7	5	7	10	9					4	6	10	9	4	6	10	8					5	7	9	8	5	6	10	8																																																																
1:40:00	23.1	5	5	9	8	4	6	8	9					5	7	11	8	4	6	9	8					5	5	9	7	5	6	8	8																																																																
1:41:00	23.2	5	6	8	9	4	6	9	8					4	6	9	9	5	7	10	9					5	7	10	8	4	5	8	9																																																																
1:42:00	23.2	5	6	9	8	5	7	10	8					5	7	10	8	5	6	10	9					4	6	9	9	4	6	9	7																																																																
1:43:00	23.2	4	6	9	8	5	6	9	9					4	6	10	9	4	6	9	9					4	6	11	8	4	6	10	8																																																																
1:44:00	23.2	5	6	8	8	4	6	9	8					4	5	9	8	5	6	10	8					5	6	9	9	4	5	9	8																																																																
1:45:00	23.2	5	6	10	9	5	6	9	8					4	6	9	9	4	6	10	10					5	6	9	9	4	6	9	8																																																																
1:46:00	23.2	5	5	9	7	4	6	9	9					4	6	10	9	4	7	9	8					5	6	8	8	5	5	9	8																																																																
1:47:00	23.2	4	7	8	9	4	6	8	8					4	5	9	9	5	6	9	9					4	5	8	8	4	5	9	8																																																																
1:48:00	23.2	4	6	8	7	4	5	9	9					5	5	9	8	4	6	10	8					4	5	9	8	5	5	10	8																																																																
1:49:00	23.2	5	5	8	8	4	6	8	8					4	6	9	10	4	7	9	9					4	5	9	8	5	6	9	8																																																																
1:50:00	23.2	4	5	8	10	4	6	8	8					4	5	8	8	4	6	8	8					4	5	9	9	4	5	8	9																																																																
1:51:00	23.2	4	6	9	8	4	5	9	9					5	5	8	9	4	6	8	8					4	6	9	8	4	5	9	9																																																																
1:52:00	23.2	5	6	8	8	4	6	8	9					4	5	8	8	4	5	9	10					4	6	8	9	4	6	8	8																																																																
1:53:00	23.2	4	6	9	8	5	5	8	9					4	5	9	8	4	5	8	8					4	5	7	8	4	6	9	8																																																																
1:54:00	23.2	5	5	8	9	4	4	9	8					4	6	8	10	4	6	8	7					4	5	7	8	4	6	8	9																																																																
1:55:00	23.2	4	5	8	9	5	5	8	8					5	6	9	8	4	5	9	7					4	5	8	8	4	6	9	8																																																																
1:56:00	23.2	4	5	9	8	4	6	7	8					4	5	8	8	4	5	9	10					4	5	7	9	4	6	8	8																																																																
1:57:00	23.2	4	5	8	8	4	6	9	9					4	5	8	10	4	6	9	8					4	5	8	8	4	6	9	9																																																																
1:58:00	23.2	4	5	8	9	4	5	8	9					4	5	8	8	4	5	8	8					4	5	7	7	4	6	8	9																																																																
1:59:00	23.3	4	5	10	8	4	5	7	9					4	5	8	8	4	5	10	9					5	5	7	8	5	5	9	8																																																																
2:00:00	23.3	4	5	7	9	4	5	8	8					4	5	8	8	4	5	8	8					4	5	10	8	4	5	8	10																																																																
2:01:00	23.3	4	4	8	9	4	5	8	9					5	5	8	8	5	5	7	8					4	4	7	9	5	5	8	8																																																																
2:02:00	23.3	5	5	9	9	4	6	8	8					4	5	9	7	4	5	9	8					4	5	8	8	4	5	8	9																																																																
2:03:00	23.3	4	5	7	8	4	4	8	7					4	7	9	10	4	5	8	8					4	5	7	9	4	5	7	9																																																																
2:04:00	23.3	5	5	8	9	4	5	8	7					4	5	8	8	5	5	8	9					4	5	8	7	4	5	7	8																																																																
2:05:00	23.3	4	4	8	8	4	5	7	8					4	6	8	8	4	5	9	7					4	5	8	8	4	5	8	8																																																																
2:06:00	23.3	4	5	7	8	3	5	8	8					6	5	8	8	5	6	7	7					4	5	8	8	4	5	8	8																																																																
2:07:00	23.3	4	6	8	8	4	6	7	8					5	5	8	9	4	5	8	9					4	5	7	8	4	5	7	7																																																																
2:08:00	23.3	4	5	7	9	4	5	8	9					4	5	8	9	4	5	8	7					4	4	8	8	5	5	9	8																																																																
2:09:00	23.3	4	5	7	7	5	5	8	7					4	4	7	8	4	6	9	8					4	5	8	8	4	5	8	7																																																																
2:10:00	23.3	4	5	7	8	5	4	7	9					4	4	8	7	4	6	8	8					3	5	6	8	4	5	7	9																																																																
2:11:00	23.3	4	5	8	7	5	5	7	7					4	5	8	8	5	5	7	8					4	5	8	8	4	5	7	9																																																																
2:12:00	23.3	4	4	8	7	4	5	7	8					4	5	8	7	4	5	8	8					4	5	7	9	4	5	8	8																																																																
2:13:00	23.3	5	5	8	7	5	4	6	7					4	5	7	9	4	5	8	8					5	5	7	8	4	5	8	8																																																																
2:14:00	23.3	4	4	7	8	4	4	7	9					4	5	8	8	5	5	9	8					5	5	7	8	4	5	7	8																																																																
2:15:00	23.3	4	4	7	8	4	5	6	8					4	4	8	7	4	5	7	8					4	4	8	7	3	5	7	8																																																																
2:16:00	23.3	5	5	7	6	4	4	7	9					4	5	8	9	4	5	8	8					5	5	7	8	4	5	7	8																																																																
2:17:00	23.3	4	4	6	8	5	5	8	8					4	4	7	7	5	5	7	8					4	5	6	7	4	4	8	8																																																																
2:18:00	23.3	5	5	8	7	4	5	8	7					4	5	6	8	4	4	7	8					4	4	7	8	4	5	7	9																																																																
2:19:00	23.4	5	5	7	7	4	4	7	7					4	5	7	9	4	5	7	9					4	4	7	9	4	5	7	8																																																																
2:20:00	23.4	4	4	8	8	4	4	6	8					4	4	8	8	4	4	6	7					4	4	8	7	4	5	7	7																																																																
2:21:00	23.4	4	5	6	8	5	5	7	7					4	5	6	9	4	5	7	8					4	4	7	7	4	4	7	8																																																																
2:22:00	23.4	4	5	6	9	4	5	7	7					4	5	6	8	5	5	8	8					5	5	6	7	4	5	6	8																																																																
2:23:00	23.4	4	4	6	8	4	4	7	9					4	5	8	7	4	5	8	7					4	5	8	7	4	4	7	8																																																																
2:24:00	23.4	4	5	6	7	4	4	7	7					4	4	7	8	4	5	7	8					4	4	7	8	4	5	6	8																																																																
2:25:00	23.4	4	5	6	8	4	5	7	8					5	4	7	8	4	4	7	8					4	4	8	8	4	5	7	8																																																																
2:26:00	23.4	4	4	7	8	5	4	6	8					4	5	6	8	4	5	7	8					4	5	6	8	4	4	7	8																																																																
2:27:00	23.4	4	5	6	7	4	5	6	8					4	4	7	8	4	5	8	7					4	5	7	7	4	5	7	7																																																																
2:28:00	23.4	4	5	8	6	4	5	6	8					5	4	8	8	4	5	7	8					4	4	6	7	4	4	6	7																																																																
2:29:00	23.4	4	5	6	8	4	4	7	7					4	5	7	8	4	4	7	8					4	5	7	7	4	4	6	7																																																																
2:30:00	23.4	3	4	7	8	4	5	7	8					4	5	7	8	4	4	7	8					4	5	7	8	4	4	6	8																																																																
2:31:00	23.4	4	5	6	6	4	5	6	8					4	4	6	9	4	5	7	8					4	4	7	8	4	5	8	8																																																																
2:32:00	23.4	4	4	6	7	4	5	7	7					4	4	7	7	4	4	6	7					4	5	6	8	4	4	7	7																																																																
2:33:00	23.4	4	4	7	7	3	5	7	7					5	4	6	8	4	4	8	7					4	5	6	7	4	5	6	9																																																																
2:34:00	23.4	4	5	5	7	4	4	6	7					4	5	6	8	4	5	7	6					4	4	7	8	5	4	6	8																																																																
2:35:00	23.4	4	4	6	8	4	4	6	9					4	5	6	7	4	4	7	8					4	4	6	6	4	4	7	7																																																																
2:36:00	23.4	4	4	6	8	4	4	7	9					4	5	6	8	4	5	6	8					4	4	7	7	4	4	6	7																																																																
2:37:00	23.4	4	5	7	8	4	4	6	7					4	4	6	8	4	5	6	8					4	4	6	7	4	4	6	6																																																																
2:38:00	23.4	4	5	5	6	4	5	7	7					5	5	7	8	4	4	6	8					4	4	6	7	4	5	6	7																																																																
2:39:00	23.4	5	5	6	7	4	4	6	8					4	5	7	8	5	5	6	8					4	4	6	8	4	4	7	9																																																																
2:40:00	23.4	4	5	7	7	3	5	6	7					5	5	7	7	4	4	6	7					4	4	7	8	4	4	6	8																																																																
2:41:00	23.4	4	4	7	8	4	4	6	7					4	4	6	7	5	4	7	8					4	4	6	7	4	5	5	7																																																																
2:42:00	23.4	4	5	6	7	4	4	6	7					5	5	6	8	4	4	6	7					4	4	5	8	5	5	6	10																																																																
2:43:00	23.5	4	4	6	7	4	5	6	7					4	4	6	7	4	4	6	8					4	4	6	7	4	5	6	8																																																																
2:44:00	23.5	4	4	6	6	3	4	6	6					4	5	6	8	4	5	7	8					4	5	6	8	4	4	6	7																																																																
2:45:00	23.5	4	4	6	7	4	4	6	7					4	3	6	7	4	5	7	7					4	4	6	6	4	4	6	6																																																																
2:46:00	23.5	4	4	7	8	4	4	6	7					4	5	6	7	4	5	6	8					4	4	6	7	4	5	6	8																																																																
2:47:00	23.5	4	4	6	8	4	5	6	7					4	5	6	7	4	5	7	7					4	5	6	8	4	4	5	8																																																																
2:48:00	23.5	4	4	6	7	4	4	6	7					4	5	6	8	4	4	6	6					4	4	6	7	3	4	6	6																																																																
2:49:00	23.5	4	4	5	7	4	4	6	7					4	5	5	7	4	4	7	7					4	4	6	7	4	4	5	7																																																																
2:50:00	23.5	4	4	6	8	4	4	6	6					4	4	6	8	4	4	7	7					4	4	6	7	4	4	6	6																																																																
2:51:00	23.5	4	4	6	7	4	4	6	7					4	4	6	7	4	4	6	8					4	4	6	7	4	4	6	8																																																																
2:52:00	23.5	4	4	5	6	4	4	6	7					4	5	6	8	4	5	7	7					4	4	6	7	4	4	5	8																																																																
2:53:00	23.5	4	5	6	8	4	4	6	7					4	4	6	7	4	4	6	8					4	4	7	7	4	4	6	7																																																																
2:54:00	23.5	4	4	6	6	4	4	5	7					4	5	6	7	4	5	6	8					4	4	6	7	4	4	7	7																																																																
2:55:00	23.5	4	4	6	6	4	5	6	7					5	4	6	7	4	6	6	8					4	4	6	7	4	4	5	8																																																																
2:56:00	23.5	4	4	7	7	4	4	6	7					4	4	6	7	4	4	6	8					4	4	5	9	4	5	5	8																																																																
2:57:00	23.5	4	5	6	7	4	4	6	7					4	4	6	8	4	4	6	7					4	4	5	7	4	4	5	7																																																																
2:58:00	23.5	4	4	6	7	4	5	6	7					4	4	6	7	4	4	6	7					4	7	6	7	4	4	6	6																																																																
2:59:00	23.5	4	4	5	8	4	4	6	7					4	5	6	8	5	4	6	8					4	4	6	7	4	4	6	7																																																																
3:00:00	23.5	4	4	6	7	3	4	5	6					3	4	5	7	4	4	6	7					4	4	5	7	4	4	6	6																																																																
3:01:00	23.5	4	5	6	7	4	4	5	6					4	5	6	7	4	5	6	6					4	4	6	7	4	4	6	6																																																																
3:02:00	23.5	4	5	6	7	4	4	6	8					4	4	5	7	4	4	6	7					4	4	6	7	4	5	5	8																																																																
3:03:00	23.5	4	5	6	7	4	4	6	7					4	5	5	7	4	4	5	7					4	4	5	7	4	4	6	7																																																																
3:04:00	23.5	4	4	6	7	4	5	7	8					4	4	6	8	4	4	6	7					4	4	6	7	4	4	5	7																																																																
3:05:00	23.5	4	4	6	7	4	4	5	7					4	5	5	7	4	5	6	8					4	4	5	7	4	4	5	7																																																																
3:06:00	23.5	4	5	6	7	4	5	5	6					4	5	6	7	4	4	4	7					4	4	5	7	4	4	6	7																																																																
3:07:00	23.5	4	4	5	7	4	5	6	7					4	4	6	8	4	5	5	7					4	4	5	7	4	4	6	7																																																																
3:08:00	23.5	4	4	5	7	4	5	5	7					4	5	5	6	4	4	5	6					4	4	5	9	4	4	6	7																																																																
3:09:00	23.5	4	4	6	8	4	5	5	7					4	4	6	8	5	4	6	7					5	4	5	7	3	4	5	6																																																																
3:10:00	23.5	4	4	6	6	4	4	5	7					4	4	5	7	4	4	6	7					4	4	5	7	4	4	5	7																																																																
3:11:00	23.5	4	4	6	7	4	4	6	7					4	4	5	7	4	4	5	9					4	4	5	7	5	4	5	7																																																																
3:12:00	23.5	3	4	5	7	4	5	5	7					4	5	5	7	4	4	6	6					4	4	5	6	4	4	5	7																																																																
3:13:00	23.5	4	5	6	6	4	4	6	8					4	4	5	6	4	4	6	7					4	5	5	8	4	4	6	8																																																																
3:14:00	23.5	4	4	5	8	3	5	5	8					4	4	5	7	4	4	6	8					4	3	5	7	4	5	5	7																																																																
3:15:00	23.5	4	4	6	6	4	5	5	7					4	5	5	7	4	4	6	7					4	4	6	7	4	5	5	7																																																																
3:16:00	23.5	4	4	6	6	5	4	5	7					3	4	5	7	4	4	6	8					5	4	6	7	4	4	6	8																																																																
3:17:00	23.5	3	4	5	6	4	4	4	7					4	4	6	6	4	4	6	7					4	4	5	6	4	4	5	7																																																																
3:18:00	23.5	4	4	5	8	4	4	5	6					4	4	5	6	5	4	6	7					4	4	6	7	4	4	6	8																																																																
3:19:00	23.5	4	4	5	7	4	4	5	7					4	4	5	8	4	4	6	7					4	4	5	7	4	4	5	6																																																																
3:20:00	23.5	4	4	5	8	5	4	5	6					4	4	6	8	4	4	5	7					4	4	5	7	5	5	5	6																																																																
3:21:00	23.5	4	4	5	6	4	4	5	7					4	4	5	7	4	4	5	6					4	4	5	7	4	4	5	7																																																																
3:22:00	23.5	4	4	5	7	4	4	5	6					3	4	6	7	4	4	6	7					4	4	5	7	4	5	6	7																																																																
3:23:00	23.5	4	4	5	7	4	4	5	6					4	4	5	6	4	5	5	7					4	5	4	6	4	4	5	6																																																																
3:24:00	23.5	4	4	5	7	4	4	5	8					4	4	5	7	4	4	5	7					4	4	5	6	4	4	6	6																																																																
3:25:00	23.5	4	4	5	7	4	4	5	6					4	4	5	7	3	4	5	7					4	4	5	7	4	4	6	6																																																																
3:26:00	23.5	4	4	5	7	4	5	5	7					4	4	5	7	4	4	5	7					4	4	5	6	5	4	5	7																																																																
3:27:00	23.5	4	4	5	7	3	3	4	6					4	4	5	7	4	4	6	7					3	4	6	7	4	4	5	7																																																																
3:28:00	23.5	4	4	4	7	4	4	5	6					4	4	6	7	4	4	5	7					4	4	6	7	4	3	4	7																																																																
3:29:00	23.5	4	4	5	6	4	4	4	7					5	4	5	7	4	4	5	7					4	4	5	6	4	4	4	6																																																																
3:30:00	23.5	4	5	5	6	4	5	5	6					4	4	5	7	4	4	5	6					4	4	5	7	4	4	5	7																																																																
3:31:00	23.5	4	4	5	6	4	4	5	7					5	4	6	6	4	4	5	7					4	4	5	7	4	4	5	7																																																																
3:32:00	23.5	4	4	5	7	4	4	5	6					4	4	5	7	4	4	5	7					4	4	5	8	4	4	4	7																																																																
3:33:00	23.5	4	3	5	6	4	5	5	6					4	4	5	6	3	4	5	6					4	4	4	6	4	5	5	7																																																																
3:34:00	23.5	4	4	5	6	4	4	5	6					5	4	5	7	4	4	5	7					4	4	5	7	3	4	5	7																																																																
3:35:00	23.5	4	4	5	6	4	4	5	6					4	5	5	6	4	4	5	6					3	4	5	6	4	4	5	6																																																																
3:36:00	23.5	4	4	5	7	4	4	5	6					3	4	5	7	4	4	5	6					4	4	5	6	4	4	4	6																																																																
3:37:00	23.5	3	4	4	6	3	4	5	7					4	5	5	6	4	4	5	7					4	4	5	6	4	4	4	8																																																																
3:38:00	23.5	4	4	5	6	4	4	6	7					4	4	4	6	4	4	5	6					3	4	5	8	4	5	5	7																																																																
3:39:00	23.5	4	4	5	6	4	4	5	5					4	4	5	7	3	4	5	7					3	4	5	6	4	4	5	6																																																																
3:40:00	23.5	4	4	5	6	4	5	5	7					4	4	5	6	4	4	5	7					4	4	5	6	4	5	5	7																																																																
3:41:00	23.5	4	4	4	6	4	4	5	7					4	4	5	7	4	4	5	6					4	3	5	6	4	4	5	6																																																																
3:42:00	23.5	4	4	6	7	4	4	4	6					4	4	5	7	4	4	5	7					4	4	5	6	4	4	5	6																																																																
3:43:00	23.5	4	4	4	7	4	4	5	6					3	4	5	6	4	4	5	6					4	3	5	5	4	4	5	6																																																																
3:44:00	23.5	4	4	5	6	4	4	5	7					4	5	5	6	4	4	5	7					4	5	6	6	4	4	4	6																																																																
3:45:00	23.5	4	4	5	6	4	5	5	7					4	4	5	7	3	4	5	7					4	4	5	7	4	4	5	7																																																																
3:46:00	23.5	4	4	5	6	4	4	4	6					6	4	5	6	4	4	5	6					4	4	5	6	4	4	4	6																																																																
3:47:00	23.5	4	4	5	6	4	5	5	7					4	4	5	6	4	4	5	6					4	4	5	5	4	4	5	7																																																																
3:48:00	23.6	4	4	5	6	3	4	5	6					4	4	5	6	4	4	5	6					6	4	5	6	4	4	5	7																																																																
3:49:00	23.5	4	4	5	7	4	4	4	6					3	4	4	6	4	5	5	6					4	4	4	7	3	4	5	7																																																																
3:50:00	23.5	4	5	5	6	4	4	4	6					4	4	5	6	4	4	6	6					4	4	4	6	4	4	5	7																																																																
3:51:00	23.6	4	4	5	7	4	4	5	6					3	4	5	6	4	4	5	6					4	4	5	6	4	4	5	6																																																																
3:52:00	23.5	3	4	4	5	3	4	6	6					4	4	5	7	4	4	5	6					4	5	4	6	4	4	5	6																																																																
3:53:00	23.6	4	3	4	7	4	4	5	6					4	5	5	6	4	4	5	6					4	4	4	6	4	5	5	7																																																																
3:54:00	23.6	4	4	5	6	4	4	4	6					4	4	5	6	4	4	5	6					4	4	5	7	4	4	5	6																																																																
3:55:00	23.6	4	4	4	5	4	4	5	6					4	4	5	7	4	4	5	6					4	4	4	7	4	4	5	6																																																																
3:56:00	23.6	4	4	4	6	4	4	4	6					4	4	5	6	5	4	4	7					4	4	4	6	4	4	5	7																																																																
3:57:00	23.6	4	4	5	6	4	4	5	7					4	4	4	5	4	4	5	6					3	4	5	6	4	4	5	7																																																																
3:58:00	23.6	4	4	5	7	4	4	4	7					3	4	5	7	4	4	5	7					4	4	4	5	5	4	4	7																																																																
3:59:00	23.6	4	4	5	6	3	4	4	7					4	4	5	8	4	4	5	7					4	4	5	6	4	5	5	6																																																																
4:00:00	23.6	4	4	5	6	4	4	5	8					4	4	5	6	4	4	4	6					4	3	5	6	4	4	4	6																																																																
4:01:00	23.6	4	4	4	6	4	4	5	5					4	4	5	7	4	4	5	5					4	4	4	5	4	4	4	6																																																																
4:02:00	23.6	4	4	5	7	3	4	4	6					4	4	5	6	4	4	5	6					4	5	5	5	4	4	4	7																																																																
4:03:00	23.6	4	4	4	6	4	4	5	6					4	4	5	6	4	4	4	7					4	5	4	6	4	5	4	5																																																																
4:04:00	23.6	4	4	5	6	4	4	5	5					4	4	5	7	4	4	5	6					4	4	4	5	4	4	5	6																																																																
4:05:00	23.6	4	4	5	6	4	4	4	6					4	4	4	6	5	4	5	7					4	4	5	6	4	4	4	6																																																																
4:06:00	23.6	4	4	4	6	4	4	4	6					4	4	5	6	4	4	5	6					4	4	4	6	4	4	4	6																																																																
4:07:00	23.6	4	4	4	6	4	4	5	5					4	4	4	6	4	4	5	5					4	4	4	6	4	4	4	6																																																																
4:08:00	23.6	3	4	5	6	4	4	5	6					3	4	5	6	4	4	4	7					4	4	5	7	4	4	5	6																																																																
4:09:00	23.6	4	4	5	6	4	4	5	6					4	3	4	6	4	4	4	5					4	4	5	6	4	4	5	6																																																																
4:10:00	23.6	4	4	4	6	4	4	4	7					3	4	4	6	4	4	4	6					4	4	4	6	3	4	5	5																																																																
4:11:00	23.6	4	4	4	6	4	4	4	6					4	4	5	6	4	4	5	7					4	4	4	6	4	4	4	6																																																																
4:12:00	23.6	3	3	5	7	4	4	5	6					4	4	5	6	4	4	5	5					4	4	5	7	4	4	4	6																																																																
4:13:00	23.6	4	4	4	7	4	4	4	7					4	4	4	7	4	4	5	6					3	5	5	6	4	4	4	7																																																																
4:14:00	23.6	4	4	4	6	4	5	4	6					4	4	4	6	4	4	4	5					3	4	5	6	4	4	5	6																																																																
4:15:00	23.6	4	4	5	6	4	4	4	6					4	4	5	6	4	4	5	6					4	4	4	5	4	4	4	5																																																																
4:16:00	23.6	4	4	4	6	4	4	5	6					4	4	5	7	4	4	5	6					3	4	5	6	4	4	5	6																																																																
4:17:00	23.6	4	4	5	6	4	4	4	5					4	4	5	6	4	4	5	7					4	4	5	6	4	4	4	5																																																																
4:18:00	23.6	4	4	4	6	4	4	5	6					5	4	5	5	4	4	5	5					4	4	5	6	4	4	4	5																																																																
4:19:00	23.6	4	4	4	6	4	5	5	6					5	4	5	7	4	4	4	7					4	4	5	5	5	4	4	6																																																																
4:20:00	23.6	4	4	5	6	4	4	4	6					4	4	4	5	4	4	4	6					4	4	4	5	4	4	5	6																																																																
4:21:00	23.6	4	4	4	6	4	4	4	5					4	4	5	6	4	4	5	6					4	4	4	5	4	4	5	6																																																																
4:22:00	23.6	4	4	5	6	4	4	4	6					4	4	4	6	4	4	5	6					4	4	5	7	4	4	4	6																																																																
4:23:00	23.6	4	4	4	6	4	4	5	6					4	5	5	6	4	4	5	7					4	4	5	6	3	4	5	5																																																																
4:24:00	23.6	4	4	5	6	4	4	4	6					4	4	5	6	4	4	4	5					4	3	4	6	4	5	4	5																																																																
4:25:00	23.6	4	4	5	5	4	4	5	6					3	4	5	7	3	4	4	6					4	4	4	6	4	4	4	6																																																																
4:26:00	23.6	4	4	5	6	4	4	4	6					4	4	5	6	4	4	4	6					4	4	4	6	4	3	5	6																																																																
4:27:00	23.6	4	4	4	5	4	4	5	6					4	4	5	6	4	4	5	6					4	4	5	5	4	4	4	6																																																																
4:28:00	23.6	4	4	5	6	4	4	4	6					4	4	4	5	5	4	5	5					4	4	4	5	4	4	4	6																																																																
4:29:00	23.6	4	4	4	6	4	4	4	6					3	4	4	6	4	4	5	6					4	4	5	5	4	4	4	6																																																																
4:30:00	23.6	4	4	5	7	4	4	5	6					4	4	5	6	4	4	5	6					3	4	4	6	4	4	4	6																																																																
4:31:00	23.6	4	4	4	7	4	4	4	6					3	4	5	6	4	4	5	6					5	4	4	7	4	4	4	6																																																																
4:32:00	23.6	4	4	4	6	4	4	5	5					4	4	4	7	4	4	4	7					4	4	4	6	4	4	4	6																																																																
4:33:00	23.6	4	4	4	6	4	4	4	6					4	4	4	5	4	4	4	6					4	4	5	5	4	4	4	6																																																																
4:34:00	23.6	4	4	4	5	3	4	4	5					4	4	5	6	4	4	5	5					4	4	4	5	4	4	4	6																																																																
4:35:00	23.6	5	4	4	6	4	4	5	5					4	4	4	6	4	4	4	6					4	4	5	6	4	4	5	6																																																																
4:36:00	23.6	4	5	4	6	4	4	4	5					4	4	4	6	4	4	4	6					4	4	5	6	4	4	4	5																																																																
4:37:00	23.6	4	4	4	6	4	4	4	6					4	4	4	7	5	4	5	7					4	4	4	5	4	5	5	5																																																																
4:38:00	23.6	5	4	4	6	4	4	4	6					4	4	5	6	4	4	5	6					4	4	4	6	4	4	5	6																																																																
4:39:00	23.6	4	4	5	6	4	4	4	6					4	4	4	6	4	4	4	6					4	4	5	5	4	4	4	5																																																																
4:40:00	23.6	4	4	5	5	4	3	4	6					4	4	4	5	4	4	4	6					4	4	4	5	4	4	4	5																																																																
4:41:00	23.6	4	4	4	7	4	4	5	6					4	4	4	6	4	4	4	5					4	4	4	6	4	4	4	5																																																																
4:42:00	23.6	4	4	6	6	4	4	5	5					4	4	4	5	4	4	4	5					3	4	4	5	4	4	4	6																																																																
4:43:00	23.6	4	4	4	6	4	4	5	6					4	4	5	6	4	4	4	7					4	4	4	6	4	4	5	6																																																																
4:44:00	23.6	4	4	4	5	4	4	5	5					4	4	4	5	4	4	5	6					4	4	4	6	4	4	5	6																																																																
4:45:00	23.6	4	4	4	6	4	4	5	6					4	4	4	5	4	5	4	6					4	4	5	6	4	4	4	6																																																																
4:46:00	23.6	4	4	4	6	4	4	4	6					4	5	4	5	4	4	5	6					4	4	4	5	4	4	4	6																																																																
4:47:00	23.6	4	4	4	6	4	4	5	5					4	4	4	6	4	4	5	5					4	4	4	6	4	4	4	6																																																																
4:48:00	23.6	4	4	4	5	4	4	5	5					4	4	4	6	4	4	4	6					4	4	4	5	4	4	4	5																																																																
4:49:00	23.6	4	4	4	6	4	4	4	6					4	4	4	6	4	4	5	6					4	4	4	5	4	4	5	5																																																																
4:50:00	23.6	4	4	5	6	4	4	4	5					4	4	5	5	4	4	4	6					4	4	5	6	4	4	5	6																																																																
4:51:00	23.6	4	5	4	5	4	4	4	6					4	4	4	5	3	4	4	6					4	4	4	6	4	4	4	5																																																																
4:52:00	23.6	4	4	4	5	5	4	5	5					4	4	4	6	4	4	4	5					4	4	4	5	4	4	3	5																																																																
4:53:00	23.6	4	4	5	5	4	4	4	5					4	4	4	5	4	4	5	5					4	4	4	5	4	4	4	6																																																																
4:54:00	23.6	4	4	4	5	3	4	4	6					4	4	5	6	4	4	5	5					3	4	5	5	4	4	5	5																																																																
4:55:00	23.6	4	4	5	5	4	4	4	6					4	4	4	6	4	4	5	6					4	4	4	6	4	3	4	5																																																																
4:56:00	23.6	4	4	5	5	4	4	5	5					4	4	4	6	4	4	4	6					4	4	4	5	4	4	5	6																																																																
4:57:00	23.6	4	4	4	6	4	4	4	5					4	4	4	5	4	4	4	6					4	4	4	6	4	4	4	5																																																																
4:58:00	23.6	4	4	4	6	4	4	4	6					5	4	5	6	4	4	5	6					4	4	5	6	4	4	4	5																																																																
4:59:00	23.6	4	4	4	5	4	4	5	6					4	4	4	5	4	4	4	6					4	4	5	5	4	4	4	6																																																																
5:00:00	23.6	4	5	4	5	4	4	4	5					4	4	4	6	4	4	5	5					4	4	4	5	4	4	4	6																																																																
5:01:00	23.6	4	4	4	6	4	4	4	5					3	4	4	6	4	4	4	5					4	4	4	5	4	4	4	6																																																																
5:02:00	23.6	4	4	4	6	4	4	4	5					4	4	4	5	4	4	4	5					4	4	4	6	4	4	4	6																																																																
5:03:00	23.6	3	4	4	6	3	4	4	5					4	4	4	5	4	5	5	5					4	4	4	5	4	4	4	5																																																																
5:04:00	23.6	4	4	4	6	4	4	4	5					5	4	4	6	4	4	4	6					4	4	4	5	4	4	5	5																																																																
5:05:00	23.6	4	4	4	5	4	5	4	6					4	4	5	5	4	3	4	5					4	4	4	5	4	4	4	5																																																																
5:06:00	23.6	4	4	4	5	4	4	4	5					4	4	4	5	4	4	4	5					4	4	4	5	4	4	5	6																																																																
5:07:00	23.6	4	4	4	6	4	3	5	5					4	4	4	5	4	4	4	5					4	4	4	5	4	4	4	5																																																																
5:08:00	23.6	4	4	4	5	4	4	5	6					4	5	5	5	4	3	4	6					4	4	4	5	4	3	5	5																																																																
5:09:00	23.6	4	4	4	6	4	4	4	6					4	4	4	5	4	4	4	5					4	4	4	5	4	4	4	6																																																																
5:10:00	23.6	4	4	5	5	4	4	4	5					4	4	4	5	4	4	4	6					4	3	4	6	4	4	4	5																																																																
5:11:00	23.6	4	4	4	6	4	4	4	5					4	4	4	5	4	4	4	6					3	4	5	5	4	4	4	5																																																																
5:12:00	23.6	4	4	4	5	4	4	5	6					4	4	5	5	4	4	5	5					4	4	5	6	4	4	4	6																																																																
5:13:00	23.6	4	3	4	5	4	4	4	6					4	4	4	7	4	4	4	5					4	4	5	5	4	4	4	6																																																																
5:14:00	23.6	4	4	4	4	4	4	4	5					4	4	4	5	3	4	4	5					4	4	4	5	4	4	5	6																																																																
5:15:00	23.6	4	4	4	6	4	4	4	5					4	4	4	5	4	4	4	5					4	4	4	6	4	4	5	5																																																																
5:16:00	23.6	4	4	4	5	4	4	5	5					4	5	4	6	4	4	4	5					4	4	4	6	4	4	4	6																																																																
5:17:00	23.6	4	4	4	6	4	3	4	6					4	4	5	4	4	4	4	5					4	4	4	5	4	3	4	5																																																																
5:18:00	23.6	4	5	5	5	4	4	5	6					4	5	4	5	4	4	4	5					4	4	4	5	4	4	4	5																																																																
5:19:00	23.6	4	3	4	5	4	4	4	4					4	4	4	6	4	5	4	5					4	5	4	4	4	4	4	5																																																																
5:20:00	23.6	4	4	4	5	4	4	4	5					4	4	4	6	4	3	4	5					4	4	4	5	3	4	4	5																																																																
5:21:00	23.6	4	4	5	5	4	4	4	5					4	4	4	5	4	4	4	5					4	4	4	5	4	4	4	5																																																																
5:22:00	23.6	4	5	5	5	4	5	4	5					4	4	4	5	4	4	5	5					4	4	4	6	4	4	4	5																																																																
5:23:00	23.6	4	4	4	6	4	4	4	5					4	4	4	5	4	4	5	5					4	4	4	5	4	4	4	6																																																																
5:24:00	23.6	4	4	4	5	4	4	5	5					4	4	4	5	4	4	4	5					4	4	4	5	4	4	4	6																																																																
5:25:00	23.6	4	4	4	6	4	4	4	5					4	4	4	5	4	4	4	5					4	4	4	6	4	4	4	5																																																																
5:26:00	23.6	4	4	4	5	4	4	4	6					4	4	4	6	4	4	5	4					4	4	4	5	4	4	4	5																																																																
5:27:00	23.6	4	4	4	5	4	4	4	4					4	4	4	6	4	4	4	5					4	4	4	5	4	4	4	5																																																																
5:28:00	23.6	3	4	4	5	4	4	4	5					4	4	4	5	4	4	4	5					4	4	4	4	4	4	4	6																																																																
5:29:00	23.6	4	4	4	6	4	4	5	5					3	4	4	5	4	4	5	5					4	4	4	5	4	4	4	6																																																																
5:30:00	23.6	4	4	4	6	4	4	4	5					4	4	4	5	4	4	4	5					3	4	4	4	4	4	4	6																																																																
5:31:00	23.6	4	4	4	6	4	4	4	4					4	4	4	5	4	4	4	5					4	4	5	5	4	4	4	5																																																																
5:32:00	23.6	3	3	4	4	4	4	4	5					4	4	5	5	4	4	4	5					4	4	4	5	4	4	4	5																																																																
5:33:00	23.6	4	4	4	6	4	4	4	5					4	4	4	6	4	4	4	6					4	4	4	5	4	4	4	6																																																																
5:34:00	23.6	4	4	4	5	4	4	4	6					4	4	4	5	4	4	4	5					4	4	4	5	4	4	5	6																																																																
5:35:00	23.6	4	4	4	6	4	4	4	5					4	4	4	5	4	4	5	5					4	4	4	5	4	4	4	5																																																																
5:36:00	23.6	4	4	5	5	4	3	4	5					4	4	4	5	4	4	4	4					4	4	5	5	4	4	4	5																																																																
5:37:00	23.6	4	4	4	5	4	3	4	5					4	4	4	5	4	4	5	6					4	4	3	5	4	4	4	5																																																																
5:38:00	23.6	4	4	4	5	4	4	4	5					4	4	4	5	4	4	4	5					4	4	4	5	3	4	5	5																																																																
5:39:00	23.6	4	4	4	6	3	4	4	5					4	4	4	6	4	4	4	5					3	4	4	5	4	4	4	6																																																																
5:40:00	23.6	4	4	4	5	4	4	4	5					4	4	4	5	4	5	4	5					4	4	4	5	4	4	4	5																																																																
5:41:00	23.6	4	4	4	5	4	4	5	5					4	4	4	6	4	3	4	5					4	4	4	5	4	4	4	6																																																																
5:42:00	23.6	4	4	4	5	4	4	5	5					4	4	4	5	4	4	4	5					3	4	4	5	4	4	4	6																																																																
5:43:00	23.6	4	4	4	4	4	4	4	5					4	4	4	4	4	4	4	6					4	4	4	5	4	4	4	5																																																																
5:44:00	23.6	4	4	4	4	4	4	4	6					4	4	4	5	4	4	4	5					4	4	4	5	4	4	4	5																																																																
5:45:00	23.6	4	4	4	6	4	4	4	5					4	4	4	5	4	4	4	5					3	4	4	5	4	4	4	5																																																																
5:46:00	23.6	4	4	4	4	4	4	5	5					4	4	5	5	4	4	4	5					4	4	4	5	4	4	5	5																																																																
5:47:00	23.6	3	4	4	5	4	4	4	6					4	4	4	5	3	4	4	5					4	4	4	5	4	4	4	5																																																																
5:48:00	23.6	4	4	4	5	4	3	4	5					5	4	5	5	4	4	4	6					4	3	4	5	4	4	4	6																																																																
5:49:00	23.6	4	4	5	5	4	4	5	5					4	4	5	5	4	4	4	5					4	4	4	5	4	4	5	5																																																																
5:50:00	23.6	4	3	5	5	4	3	4	5					4	3	4	5	4	4	4	4					4	4	4	5	4	5	4	5																																																																
5:51:00	23.6	4	3	5	5	4	4	4	6					3	4	4	5	4	4	4	6					4	4	4	5	4	4	5	5																																																																
5:52:00	23.6	4	4	4	5	4	4	4	4					4	3	4	5	3	4	4	5					4	4	4	5	4	4	4	5																																																																
5:53:00	23.6	4	4	4	5	4	4	4	5					4	4	4	5	4	4	5	5					4	4	4	5	4	4	4	5																																																																
5:54:00	23.6	4	4	5	5	4	3	5	5					3	5	4	5	4	4	4	5					4	4	5	5	4	4	5	6																																																																
5:55:00	23.6	4	4	4	6	4	4	4	4					4	4	4	5	4	4	4	5					3	4	4	5	4	4	4	5																																																																
5:56:00	23.6	4	4	4	5	4	4	5	5					4	4	4	5	4	4	4	5					7	4	5	5	4	4	5	5																																																																
5:57:00	23.6	4	4	4	5	3	4	4	5					4	4	4	5	3	4	4	4					4	4	4	5	3	4	5	5																																																																
5:58:00	23.6	4	4	4	5	4	4	4	5					4	4	4	5	4	4	5	5					4	5	4	5	4	4	4	5																																																																
5:59:00	23.6	4	4	4	5	4	3	4	4					4	5	4	5	5	4	4	4					5	4	3	5	4	4	4	4																																																																
6:00:00	23.6	4	4	4	5	4	4	4	5					4	4	4	5	4	4	4	6					4	4	4	5	4	4	4	5																																																																
6:01:00	23.6	4	4	4	5	4	4	4	5					4	4	4	4	4	4	4	5					4	4	4	5	4	4	4	4																																																																
6:02:00	23.6	4	4	4	4	4	4	4	5					4	4	4	6	4	4	4	5					4	4	4	5	4	4	3	5																																																																
6:03:00	23.6	4	4	4	5	4	4	4	5					4	4	4	5	4	4	4	6					4	4	5	5	4	4	4	4																																																																
6:04:00	23.6	4	4	4	5	4	4	5	5					4	4	3	6	4	4	4	5					4	4	4	5	4	4	5	5																																																																
6:05:00	23.6	4	4	4	5	4	4	5	5					4	4	4	5	4	4	4	5					3	4	4	4	4	3	4	5																																																																
6:06:00	23.6	4	5	4	5	4	4	4	5					4	4	4	5	4	4	4	6					3	4	4	5	4	4	4	5																																																																
6:07:00	23.6	4	4	4	5	4	4	4	5					4	4	4	5	4	4	4	5					4	4	4	5	4	4	4	4																																																																
6:08:00	23.6	4	4	4	5	4	4	4	5					4	4	4	5	4	4	4	5					4	4	4	5	4	5	4	6																																																																
6:09:00	23.6	4	4	4	5	4	4	4	4					4	4	4	5	4	4	4	5					4	4	4	5	4	4	5	5																																																																
6:10:00	23.6	4	4	4	5	4	3	4	5					4	4	4	5	4	4	4	5					4	4	4	5	4	4	4	5																																																																
6:11:00	23.6	4	4	4	5	4	4	4	6					4	4	4	5	4	4	4	5					3	4	4	5	4	4	4	5																																																																
6:12:00	23.6	4	4	4	6	4	4	4	5					4	4	4	5	4	4	4	6					4	4	4	5	4	4	5	5																																																																
6:13:00	23.6	4	4	4	5	4	4	4	6					4	4	4	5	4	4	4	5					4	4	4	5	4	3	4	4																																																																
6:14:00	23.6	5	4	4	5	4	4	4	5					4	4	5	5	4	4	4	5					4	4	4	5	4	4	4	5																																																																
6:15:00	23.6	4	4	4	5	4	4	4	6					4	4	4	5	4	4	4	6					4	4	4	5	4	4	4	5																																																																
6:16:00	23.6	4	4	5	5	4	4	4	5					4	4	4	5	4	4	4	5					4	4	4	5	4	4	4	5																																																																
6:17:00	23.6	4	4	4	5	5	4	4	5					3	4	4	5	4	4	4	5					4	4	3	5	4	4	4	5																																																																
6:18:00	23.6	4	4	4	5	4	4	4	5					4	4	4	5	3	4	4	5					4	4	4	5	4	4	4	5																																																																
6:19:00	23.6	4	4	4	5	4	4	4	5					4	4	4	5	4	4	4	5					4	4	4	5	4	4	4	4																																																																
6:20:00	23.6	3	4	4	5	4	4	4	5					4	4	3	5	4	4	4	5					4	4	5	4	4	4	4	4																																																																
6:21:00	23.6	4	4	4	5	4	3	4	5					4	4	4	4	4	4	4	5					3	4	4	5	4	4	4	5																																																																
6:22:00	23.6	4	4	4	5	4	4	4	5					4	4	4	4	4	4	4	5					4	4	4	4	4	4	5	5																																																																
6:23:00	23.6	4	4	5	5	4	4	4	5					4	4	4	5	4	4	4	4					4	4	4	4	3	4	5	5																																																																
6:24:00	23.6	4	3	5	5	4	4	4	4					4	4	4	5	4	4	4	5					3	4	4	5	4	4	4	5																																																																
6:25:00	23.6	4	4	4	5	4	4	4	5					4	4	4	4	3	4	4	5					4	3	4	5	4	4	4	4																																																																
6:26:00	23.6	4	4	4	5	4	4	4	5					4	4	4	5	4	4	4	4					4	4	4	5	4	4	4	5																																																																
6:27:00	23.6	4	4	4	5	4	4	4	4					4	4	4	5	4	4	4	6					4	4	4	5	4	4	4	5																																																																
6:28:00	23.6	4	4	4	4	4	4	4	5					3	4	4	4	4	4	4	5					4	4	4	4	4	3	4	5																																																																
6:29:00	23.6	4	4	4	5	4	4	4	5					4	4	4	5	4	4	4	5					4	4	4	5	4	4	4	5																																																																
6:30:00	23.6	4	4	4	5	4	4	4	5					4	4	4	5	4	4	4	5					4	4	4	4	4	4	4	5																																																																
6:31:00	23.6	4	3	4	4	4	4	4	5					4	4	4	5	4	4	4	5					4	4	4	4	3	4	4	5																																																																
6:32:00	23.6	4	4	4	5	4	4	4	5					4	4	4	5	4	4	4	5					4	4	4	4	4	4	4	5																																																																
6:33:00	23.5	4	3	4	5	5	4	4	5					4	4	4	5	4	4	4	5					4	4	4	5	4	4	4	5																																																																
6:34:00	23.5	4	4	4	5	4	4	5	5					4	4	4	5	4	4	4	5					4	4	4	4	3	4	4	5																																																																
6:35:00	23.6	4	4	4	5	4	4	4	5					4	5	4	4	3	4	4	4					4	4	4	5	4	4	4	5																																																																
6:36:00	23.5	3	4	4	5	4	4	4	5					4	4	4	5	4	4	4	5					4	4	4	5	4	4	4	4																																																																
6:37:00	23.5	4	4	4	5	4	4	4	5					4	4	4	5	4	4	4	5					4	4	4	5	4	4	4	5																																																																
6:38:00	23.6	4	4	4	5	4	4	5	5					4	4	4	6	4	4	3	4					4	4	4	5	4	4	4	5																																																																
6:39:00	23.5	4	4	5	5	4	4	4	5					4	4	4	5	4	4	4	5					4	4	4	5	4	4	4	5																																																																
6:40:00	23.5	4	4	4	5	4	4	4	4					4	4	4	4	4	4	4	5					4	4	4	5	4	4	3	5																																																																
6:41:00	23.5	4	4	4	4	4	4	4	5					4	4	4	5	4	4	4	5					4	4	4	4	4	4	4	5																																																																
6:42:00	23.5	4	4	4	5	4	4	4	4					4	4	4	5	4	4	4	4					4	4	4	4	4	4	4	4																																																																
6:43:00	23.5	4	4	4	5	4	4	4	5					4	3	4	5	4	4	4	5					4	4	4	5	4	4	4	4																																																																
6:44:00	23.5	4	4	4	5	4	4	4	5					4	4	4	5	3	4	4	5					4	4	4	5	4	4	4	5																																																																
6:45:00	23.5	4	4	4	5	4	4	4	5					4	4	4	5	4	4	4	5					4	4	4	4	4	4	4	5																																																																
6:46:00	23.5	4	4	4	4	4	4	4	5					4	4	4	4	3	4	4	4					4	4	4	4	4	4	4	5																																																																
6:47:00	23.5	4	4	4	5	4	4	4	5					4	4	4	5	4	4	4	5					4	4	4	6	4	4	3	5																																																																
6:48:00	23.5	4	4	4	5	4	4	4	4					4	5	4	5	4	4	4	6					4	4	4	4	5	4	5	5																																																																
6:49:00	23.5	4	4	4	5	4	4	4	5					4	4	4	4	4	4	4	5					4	4	4	4	4	4	4	5																																																																
6:50:00	23.5	4	4	4	5	4	4	5	5					4	4	4	4	4	4	4	4					4	4	4	5	4	4	4	4																																																																
6:51:00	23.5	4	3	4	5	4	4	4	5					4	4	4	5	4	4	4	5					4	3	4	4	4	4	4	5																																																																
6:52:00	23.5	3	4	4	5	4	4	3	5					4	4	4	4	4	4	4	5					4	4	4	4	4	4	4	4																																																																
6:53:00	23.5	4	4	4	5	4	4	4	4					4	4	4	4	4	4	4	5					4	3	4	5	5	4	4	5																																																																
6:54:00	23.5	4	4	4	5	4	4	4	5					4	4	4	5	4	4	4	5					4	4	4	4	4	4	4	5																																																																
6:55:00	23.5	4	4	4	4	4	4	3	5					4	4	4	5	4	4	3	5					4	4	4	5	4	4	5	4																																																																
6:56:00	23.5	4	4	4	5	4	4	4	5					4	4	4	4	4	4	4	5					3	4	4	4	3	4	4	4																																																																
6:57:00	23.5	4	3	4	5	4	3	4	4					4	4	4	5	4	4	4	5					4	4	4	4	4	4	4	5																																																																
6:58:00	23.5	4	4	4	5	4	4	4	5					4	4	4	5	4	4	4	5					4	4	3	5	4	4	4	5																																																																
6:59:00	23.5	4	4	4	5	4	4	4	5					4	4	4	4	4	4	4	5					4	4	4	4	4	3	4	4																																																																
7:00:00	23.5	4	4	4	5	4	4	4	5					3	4	4	5	4	4	4	5					4	4	4	6	3	4	4	5																																																																

Results
	1	2	3	4	5	6	7	8	9	10	11	12
A	-4500.000	-2100.000	-1000.000	-700.000	-4400.000	-3200.000	-1300.000	-700.000	?????	?????	?????	?????	Max V [Lum]
	0.979	0.721	0.926	0.490	0.936	0.905	0.797	0.721	?????	?????	?????	?????	R-Squared [Lum]
	0:02:00	0:02:00	0:05:00	1:36:00	0:06:00	0:02:00	0:02:00	0:02:00	?????	?????	?????	?????	t at Max V [Lum]
	0:00:03	0:00:17	0:01:12	1:33:09	0:00:22	?????	0:00:09	0:00:51	?????	?????	?????	?????	Lagtime [Lum]
B	-5700.000	-2500.000	-1800.000	-600.000	-6500.000	-2800.000	-1800.000	-700.000	?????	?????	?????	?????	Max V [Lum]
	0.956	0.965	0.920	0.750	0.998	0.860	0.953	0.681	?????	?????	?????	?????	R-Squared [Lum]
	0:02:00	0:10:00	0:02:00	1:32:00	0:03:00	0:02:00	0:02:00	0:02:00	?????	?????	?????	?????	t at Max V [Lum]
	?????	0:03:41	?????	1:25:00	0:00:38	?????	0:00:20	0:01:09	?????	?????	?????	?????	Lagtime [Lum]
C	-6900.000	-3400.000	-1700.000	-600.000	-5900.000	-3700.000	-1700.000	-700.000	?????	?????	?????	?????	Max V [Lum]
	0.893	0.912	0.821	0.750	0.885	0.918	0.881	0.942	?????	?????	?????	?????	R-Squared [Lum]
	0:02:00	0:02:00	0:02:00	0:05:00	0:02:00	0:02:00	0:02:00	0:55:00	?????	?????	?????	?????	t at Max V [Lum]
	?????	?????	?????	0:03:40	?????	?????	?????	0:48:26	?????	?????	?????	?????	Lagtime [Lum]
D	?????	?????	?????	?????	?????	?????	?????	?????	?????	?????	?????	?????	Max V [Lum]
	?????	?????	?????	?????	?????	?????	?????	?????	?????	?????	?????	?????	R-Squared [Lum]
	?????	?????	?????	?????	?????	?????	?????	?????	?????	?????	?????	?????	t at Max V [Lum]
	?????	?????	?????	?????	?????	?????	?????	?????	?????	?????	?????	?????	Lagtime [Lum]
E	?????	?????	?????	?????	?????	?????	?????	?????	?????	?????	?????	?????	Max V [Lum]
	?????	?????	?????	?????	?????	?????	?????	?????	?????	?????	?????	?????	R-Squared [Lum]
	?????	?????	?????	?????	?????	?????	?????	?????	?????	?????	?????	?????	t at Max V [Lum]
	?????	?????	?????	?????	?????	?????	?????	?????	?????	?????	?????	?????	Lagtime [Lum]
F	?????	?????	?????	?????	?????	?????	?????	?????	?????	?????	?????	?????	Max V [Lum]
	?????	?????	?????	?????	?????	?????	?????	?????	?????	?????	?????	?????	R-Squared [Lum]
	?????	?????	?????	?????	?????	?????	?????	?????	?????	?????	?????	?????	t at Max V [Lum]
	?????	?????	?????	?????	?????	?????	?????	?????	?????	?????	?????	?????	Lagtime [Lum]
G	?????	?????	?????	?????	?????	?????	?????	?????	?????	?????	?????	?????	Max V [Lum]
	?????	?????	?????	?????	?????	?????	?????	?????	?????	?????	?????	?????	R-Squared [Lum]
	?????	?????	?????	?????	?????	?????	?????	?????	?????	?????	?????	?????	t at Max V [Lum]
	?????	?????	?????	?????	?????	?????	?????	?????	?????	?????	?????	?????	Lagtime [Lum]
H	?????	?????	?????	?????	?????	?????	?????	?????	?????	?????	?????	?????	Max V [Lum]
	?????	?????	?????	?????	?????	?????	?????	?????	?????	?????	?????	?????	R-Squared [Lum]
	?????	?????	?????	?????	?????	?????	?????	?????	?????	?????	?????	?????	t at Max V [Lum]
	?????	?????	?????	?????	?????	?????	?????	?????	?????	?????	?????	?????	Lagtime [Lum]

